      102  55.277519 -160.796175    45.194    30182.0     2249.6    15505.7     14.9     30.2     21.9 2021  7 29 23 38 44.800  2.26   1
       11  55.136068 -161.006738    40.731    16826.9   -13497.8    11042.5     25.5     42.5     37.3 2021  7 29  9  8 20.310  2.02   1
       12  55.306254 -160.979150    47.083    18544.1     5448.6    17394.7     14.5     44.5     18.5 2021  7 29  9 17 37.990  2.17   1
       13  55.277075 -160.916276    45.553    22547.7     2200.2    15864.7     12.5     33.9     17.4 2021  7 29  9 23 23.330  2.00   1
       18  55.085376 -161.641504    17.543   -23609.9   -19141.2   -12145.2     27.4     24.7     29.0 2021  7 29  9 43 53.380  1.37   1
        2  55.410347 -161.841016    54.226   -36175.3    17037.1    24536.8    143.5     54.2     16.8 2021  7 29  8  3 26.930  2.55   1
       20  55.284778 -161.255225    30.964     1001.4     3057.7     1275.2     19.1     29.4     30.1 2021  7 29  9 52 54.070  2.17   1
       21  55.317196 -160.952637    49.086    20226.1     6666.7    19397.7     11.7     22.9     14.6 2021  7 29  9 54 13.220  2.82   1
       23  55.079228 -161.381038    22.015    -7013.5   -19825.7    -7673.4     36.4     45.7     48.6 2021  7 29 10  2 12.400  1.76   1
       26  55.397978 -161.697803    51.322   -27091.0    15660.0    21633.8     43.0     63.6     17.5 2021  7 29 10 13 56.110  1.67   1
       27  55.185266 -161.498747    13.311   -14495.3    -8020.7   -16377.9     30.1     52.3     43.3 2021  7 29 10 16 29.700  1.67   1
       28  55.210156 -161.364160    12.873    -5928.2    -5249.7   -16815.9     15.7     15.4     18.6 2021  7 29 10 17 54.180  1.83   1
       32  55.188090 -160.814388    45.033    29056.8    -7706.3    15344.8     18.7     78.8     27.4 2021  7 29 10 27 25.940  2.09   1
       33  55.285254 -160.696989    48.511    36483.5     3110.7    18822.2     15.1     41.3     22.1 2021  7 29 10 38 27.890  1.81   1
       36  55.344958 -161.289095    32.359    -1150.6     9757.5     2670.1     29.1     34.9     44.0 2021  7 29 10 54 34.540  1.33   1
       38  55.198348 -161.650716    16.666   -24162.7    -6564.3   -13023.0     23.5     61.0     24.2 2021  7 29 11  5 32.900  1.95   1
       44  55.288444 -161.615641    21.012   -21906.2     3465.8    -8676.5     21.9     52.1     22.2 2021  7 29 11 48 28.910  1.47   1
       46  55.263578 -161.442415    28.440   -10899.6      697.6    -1248.8     36.0     47.7     48.0 2021  7 29 12 18 30.230  1.54   1
       48  55.204696 -160.940576    42.574    21022.0    -5857.7    12885.8     21.1     36.1     29.3 2021  7 29 12 28 50.210  2.15   1
        5  55.285722 -161.316325    31.699    -2882.2     3162.8     2010.7     26.7     31.4     33.0 2021  7 29  8 16 23.630  2.56   1
       50  55.273071 -161.376530    23.458    -6709.9     1754.4    -6230.2     31.7     34.5   1172.8 2021  7 29 12 43 18.300  2.46   1
       53  55.281173 -161.351774    33.340    -5135.6     2656.4     3651.2     29.7     61.9     37.5 2021  7 29 13 15 20.700  1.95   1
       55  55.260885 -160.865755    31.955    25764.4      397.7     2266.0     13.2     45.3     31.1 2021  7 29 13 30 55.080  1.84   1
       56  55.251705 -161.143408    35.799     8112.0     -624.2     6110.6     16.7     19.1     20.9 2021  7 29 13 48 44.020  1.70   1
       62  55.331108 -161.398926    40.249    -8127.7     8215.5    10560.2     45.2     53.3     46.3 2021  7 29 14 49 57.320  1.47   1
       63  55.233761 -161.034245    30.973    15056.8    -2621.9     1284.0     15.5     30.6     33.7 2021  7 29 14 53  3.640  1.73   1
       64  55.288981 -161.505827    22.107   -14926.4     3525.6    -7582.0     23.1     69.3     27.6 2021  7 29 14 57  2.980  0.76   1
       68  55.204594 -161.337712    23.871    -4245.8    -5869.0    -5817.9     23.5     31.0     12.5 2021  7 29 15 30 21.950  1.72   1
        7  55.213322 -160.931348    29.933    21606.8    -4897.3      244.0     21.5     48.7     45.9 2021  7 29  8 26  0.040  2.60   1
       70  55.248507 -160.890804    32.091    24175.5     -980.3     2402.8     15.8     40.7     33.3 2021  7 29 16  8 42.960  1.57   1
       71  55.300199 -160.843262    51.274    27181.1     4774.5    21584.8     17.6     15.8     19.4 2021  7 29 16  9 41.650  3.21   1
       73  55.262480 -161.222575    32.922     3077.5      575.3     3233.0     10.1     16.4     15.8 2021  7 29 17  0 24.120  1.96   1
       74  55.245170 -161.716260    14.487   -28316.7    -1351.7   -15201.3     20.5     22.4     19.0 2021  7 29 17  4  4.780  1.53   1
       76  55.214844 -161.336084    16.729    -4141.7    -4727.9   -12959.2      6.0     15.6     25.6 2021  7 29 17 23  0.200  1.54   1
       78  55.220463 -161.057292    32.303    13593.3    -4102.3     2613.8     17.8     17.2     36.2 2021  7 29 17 33  6.720  1.41   1
        8  55.268583 -160.799300    47.841    29986.7     1254.8    18152.0      8.3     25.1      9.0 2021  7 29  8 40 45.560  2.67   1
       80  55.248153 -160.724154    47.485    34773.0    -1019.7    17796.5     17.0     32.2     24.4 2021  7 29 17 52 10.500  1.70   1
       81  55.222050 -161.585938     8.840   -20034.9    -3925.6   -20848.3     29.9     25.3     55.0 2021  7 29 18 14 38.920  1.52   1
       82  55.094474 -161.453158    20.680   -11607.1   -18128.3    -9008.2     36.9     44.7     46.7 2021  7 29 18 17 45.480  1.04   1
       83  55.211568 -161.144661    32.774     8036.3    -5092.5     3085.5     17.9     38.5     30.4 2021  7 29 18 38 14.600  1.74   1
       84  55.255762 -160.922217    41.133    22175.9     -172.6    11443.9     15.4     24.5     22.9 2021  7 29 18 46 50.320  1.53   1
       86  55.286316 -161.335335    27.847    -4090.4     3228.9    -1841.3     22.2     32.1     36.8 2021  7 29 19 12  7.840  2.05   1
       88  55.272050 -160.883870    32.222    24609.2     1640.7     2533.4     19.3     39.8     43.5 2021  7 29 19 53 30.760  1.84   1
        9  55.070378 -161.579020    16.142   -19632.1   -20810.9   -13546.3     25.4     25.0     34.2 2021  7 29  8 55 58.050  2.15   1
       90  55.276302 -161.666748    12.398   -25158.3     2114.1   -17290.4     18.5     25.9     19.9 2021  7 29 20 23 39.940  1.71   1
       91  55.253475 -161.377409    18.014    -6767.4     -427.2   -11674.6     17.1     21.0     20.7 2021  7 29 20 25 45.000  1.56   1
       92  55.262826 -161.199430    28.829     4549.0      613.8     -860.2     21.7     39.6     40.1 2021  7 29 20 31  8.340  2.67   1
       94  55.133569 -161.739421    19.237   -29831.2   -13776.0   -10451.6     39.1     82.7     26.8 2021  7 29 20 42 34.660  0.97   1
       95  55.216943 -161.349707    20.145    -5008.3    -4494.1    -9544.1     11.9     12.4     14.7 2021  7 29 21  0 34.020  3.02   1
       96  55.283533 -160.760970    42.915    32417.5     2919.1    13226.8     18.0     51.8     26.7 2021  7 29 21  8 24.640  2.01   1
       97  55.258398 -161.006608    33.827    16809.4      120.9     4138.1     19.2     36.4     35.1 2021  7 29 21 18 25.600  2.09   1
       98  55.249630 -161.132357    31.058     8815.0     -855.3     1369.4     16.9     23.8     29.9 2021  7 29 21 39 48.320  2.47   1
