      102  55.277502 -160.796175    45.195    30182.0     2247.8    15506.1     10.3     22.1     15.0 2021  7 29 23 38 44.800  2.26   1
       11  55.136072 -161.006738    40.731    16826.9   -13497.4    11042.1     18.0     31.0     26.6 2021  7 29  9  8 20.310  2.02   1
       12  55.306238 -160.979150    47.083    18544.1     5446.8    17394.6      7.9     34.6      7.8 2021  7 29  9 17 37.990  2.17   1
       13  55.277083 -160.916276    45.553    22547.7     2201.1    15864.6      7.0     22.7      8.9 2021  7 29  9 23 23.330  2.00   1
       18  55.085372 -161.641488    17.544   -23608.8   -19141.7   -12144.6     19.8     18.3     20.9 2021  7 29  9 43 53.380  1.37   1
        2  55.410339 -161.841211    54.226   -36187.7    17036.2    24537.1     88.9     21.2     14.1 2021  7 29  8  3 26.930  2.55   1
       20  55.284770 -161.255208    30.964     1002.5     3056.8     1275.7     10.0     21.0     15.9 2021  7 29  9 52 54.070  2.17   1
       21  55.317204 -160.952637    49.086    20226.1     6667.6    19397.8      6.4     19.4      9.2 2021  7 29  9 54 13.220  2.82   1
       23  55.079220 -161.381022    22.017    -7012.5   -19826.6    -7671.3     25.4     30.9     33.8 2021  7 29 10  2 12.400  1.76   1
       26  55.397990 -161.697803    51.322   -27091.0    15661.3    21633.5     14.3     27.9     14.6 2021  7 29 10 13 56.110  1.67   1
       27  55.185250 -161.498763    13.310   -14496.3    -8022.5   -16378.8     15.0     26.1     22.1 2021  7 29 10 16 29.700  1.67   1
       28  55.210160 -161.364176    12.872    -5929.3    -5249.3   -16816.8     12.8     14.3     16.8 2021  7 29 10 17 54.180  1.83   1
       32  55.188114 -160.814388    45.033    29056.8    -7703.6    15344.8     13.8     49.1     20.6 2021  7 29 10 27 25.940  2.09   1
       33  55.285229 -160.696989    48.512    36483.5     3108.0    18823.2     10.6     30.5     15.5 2021  7 29 10 38 27.890  1.81   1
       36  55.344958 -161.289095    32.359    -1150.6     9757.5     2670.3     17.0     18.0     25.6 2021  7 29 10 54 34.540  1.33   1
       38  55.198360 -161.650716    16.666   -24162.7    -6563.0   -13022.4     19.4     30.5     19.6 2021  7 29 11  5 32.900  1.95   1
       44  55.288485 -161.615658    21.011   -21907.2     3470.4    -8677.3     22.2     52.6     22.5 2021  7 29 11 48 28.910  1.47   1
       46  55.263570 -161.442383    28.443   -10897.5      696.7    -1246.1     20.1     21.6     26.3 2021  7 29 12 18 30.230  1.54   1
       48  55.204716 -160.940592    42.574    21021.0    -5855.4    12884.9     12.8     31.3     17.9 2021  7 29 12 28 50.210  2.15   1
        5  55.285710 -161.316309    31.701    -2881.1     3161.4     2012.3     15.3     20.0     20.0 2021  7 29  8 16 23.630  2.56   1
       50  55.273067 -161.376530    23.458    -6709.9     1754.0    -6230.8     13.7     18.6     14.9 2021  7 29 12 43 18.300  2.46   1
       53  55.281193 -161.351790    33.338    -5136.7     2658.6     3649.2     17.7     31.4     22.6 2021  7 29 13 15 20.700  1.95   1
       55  55.260885 -160.865771    31.953    25763.3      397.7     2264.2      9.4     29.3     21.9 2021  7 29 13 30 55.080  1.84   1
       56  55.251705 -161.143392    35.800     8113.0     -624.2     6111.1     10.3     15.8     12.9 2021  7 29 13 48 44.020  1.70   1
       62  55.331120 -161.398910    40.250    -8126.7     8216.8    10561.7     25.1     24.9     24.6 2021  7 29 14 49 57.320  1.47   1
       63  55.233757 -161.034245    30.973    15056.8    -2622.4     1284.3      4.6     15.8      9.8 2021  7 29 14 53  3.640  1.73   1
       64  55.288949 -161.505811    22.107   -14925.4     3522.0    -7581.2     21.6     61.5     25.5 2021  7 29 14 57  2.980  0.76   1
       68  55.204594 -161.337712    23.871    -4245.8    -5869.0    -5817.6     15.6     17.6     16.1 2021  7 29 15 30 21.950  1.72   1
        7  55.213338 -160.931364    29.930    21605.8    -4895.5      241.5     14.8     34.3     31.1 2021  7 29  8 26  0.040  2.60   1
       70  55.248527 -160.890820    32.090    24174.5     -978.0     2401.2     11.9     28.4     25.6 2021  7 29 16  8 42.960  1.57   1
       71  55.300199 -160.843262    51.273    27181.1     4774.5    21584.4     11.3     17.8     12.4 2021  7 29 16  9 41.650  3.21   1
       73  55.262480 -161.222575    32.922     3077.5      575.3     3233.4      6.7      9.3      9.3 2021  7 29 17  0 24.120  1.96   1
       74  55.245170 -161.716243    14.488   -28315.7    -1351.7   -15200.8     15.0     16.3     13.6 2021  7 29 17  4  4.780  1.53   1
       76  55.214840 -161.336084    16.731    -4141.7    -4728.3   -12958.0     10.1     15.6     19.0 2021  7 29 17 23  0.200  1.54   1
       78  55.220467 -161.057275    32.304    13594.3    -4101.9     2614.8     10.5     19.1     20.4 2021  7 29 17 33  6.720  1.41   1
        8  55.268591 -160.799300    47.841    29986.7     1255.7    18151.8      6.6     18.9      8.0 2021  7 29  8 40 45.560  2.67   1
       80  55.248169 -160.724154    47.485    34773.0    -1017.9    17796.3     11.3     24.2     16.1 2021  7 29 17 52 10.500  1.70   1
       81  55.222054 -161.585921     8.842   -20033.9    -3925.2   -20846.9     13.4     14.9     25.5 2021  7 29 18 14 38.920  1.52   1
       82  55.094482 -161.453174    20.679   -11608.1   -18127.4    -9010.2     25.8     30.2     32.6 2021  7 29 18 17 45.480  1.04   1
       83  55.211548 -161.144645    32.776     8037.4    -5094.8     3087.2     11.7     27.5     20.3 2021  7 29 18 38 14.600  1.74   1
       84  55.255762 -160.922217    41.133    22175.9     -172.6    11444.7      9.1     24.6     13.5 2021  7 29 18 46 50.320  1.53   1
       86  55.286324 -161.335335    27.847    -4090.4     3229.8    -1842.2      8.9     16.1     14.7 2021  7 29 19 12  7.840  2.05   1
       88  55.272017 -160.883854    32.225    24610.2     1637.1     2536.8     14.3     29.5     32.2 2021  7 29 19 53 30.760  1.84   1
        9  55.070382 -161.579036    16.142   -19633.1   -20810.5   -13547.1     18.4     18.5     24.5 2021  7 29  8 55 58.050  2.15   1
       90  55.276298 -161.666748    12.398   -25158.3     2113.7   -17290.9     13.4     18.4     14.0 2021  7 29 20 23 39.940  1.71   1
       91  55.253479 -161.377409    18.014    -6767.4     -426.7   -11674.5      6.3     18.8      6.1 2021  7 29 20 25 45.000  1.56   1
       92  55.262838 -161.199430    28.826     4549.0      615.2     -862.7     13.5     24.4     27.0 2021  7 29 20 31  8.340  2.67   1
       94  55.133521 -161.739388    19.238   -29829.1   -13781.4   -10451.0     27.8     58.7     19.1 2021  7 29 20 42 34.660  0.97   1
       95  55.216943 -161.349691    20.145    -5007.2    -4494.1    -9544.1      7.5      4.6      8.4 2021  7 29 21  0 34.020  3.02   1
       96  55.283541 -160.760970    42.914    32417.5     2920.0    13225.5     12.4     34.6     18.3 2021  7 29 21  8 24.640  2.01   1
       97  55.258407 -161.006624    33.825    16808.4      121.9     4136.6     10.8     17.3     20.1 2021  7 29 21 18 25.600  2.09   1
       98  55.249638 -161.132357    31.057     8815.0     -854.3     1367.8     11.2     15.4     19.8 2021  7 29 21 39 48.320  2.47   1
