      101  55.238477 -160.538070    30.131    46611.9    -2096.9      442.6    383.1    868.1   1295.6 2021  7 29 22 56 32.180  2.08   1
      102  55.277665 -160.796191    45.191    30180.9     2265.9    15502.1     94.5    339.7    141.4 2021  7 29 23 38 44.800  2.26   1
       11  55.136015 -161.006706    40.738    16829.0   -13503.7    11049.6    192.6    249.1    230.7 2021  7 29  9  8 20.310  2.02   1
       12  55.306295 -160.979264    47.073    18536.9     5453.1    17384.0    159.6    125.8    198.4 2021  7 29  9 17 37.990  2.17   1
       13  55.277173 -160.916292    45.551    22546.6     2211.1    15862.0    111.3    298.9    150.0 2021  7 29  9 23 23.330  2.00   1
       16  55.088041 -161.785612    11.747   -32791.4   -18844.5   -17941.9    372.9    265.6    427.5 2021  7 29  9 36  2.170  1.94   1
       17  55.031010 -161.611247     2.192   -21696.6   -25193.7   -27496.9    520.8    386.3    422.7 2021  7 29  9 38  8.500  2.01   1
       18  55.085636 -161.641732    17.525   -23624.3   -19112.2   -12164.0    479.9    331.3    460.1 2021  7 29  9 43 53.380  1.37   1
       19  55.284827 -161.010579    16.061    16551.4     3063.1   -13627.6    293.8    574.1    993.4 2021  7 29  9 45 15.880  1.99   1
        2  55.410311 -161.839372    54.221   -36071.0    17033.0    24532.4   1038.5    571.4    173.7 2021  7 29  8  3 26.930  2.55   1
       20  55.284798 -161.255273    30.953      998.3     3060.0     1264.0    128.6    196.7    230.5 2021  7 29  9 52 54.070  2.17   1
       21  55.317200 -160.952767    49.073    20217.9     6667.2    19384.7    173.5    177.9    215.7 2021  7 29  9 54 13.220  2.82   1
       23  55.079207 -161.381006    22.019    -7011.4   -19828.0    -7669.9    148.1    134.5    178.3 2021  7 29 10  2 12.400  1.76   1
       25  55.275362 -161.588997     2.158   -20216.0     2009.5   -27531.1    443.3    517.0    513.9 2021  7 29 10  6 28.790  1.00   1
       26  55.398157 -161.697559    51.329   -27075.4    15679.9    21639.9    316.7    362.0    184.1 2021  7 29 10 13 56.110  1.67   1
       27  55.184888 -161.498389    13.359   -14472.5    -8062.8   -16329.9    298.4    416.7    394.1 2021  7 29 10 16 29.700  1.67   1
       28  55.210270 -161.364274    12.847    -5935.5    -5237.1   -16842.0    217.2    236.4    306.1 2021  7 29 10 17 54.180  1.83   1
       30  55.434603 -161.746956    19.139   -30196.9    19737.4   -10549.9    731.0    640.8    525.3 2021  7 29 10 22 57.000  1.35   1
       32  55.187614 -160.814242    45.055    29066.3    -7759.3    15366.0    201.5    480.2    308.1 2021  7 29 10 27 25.940  2.09   1
       33  55.285295 -160.697005    48.510    36482.4     3115.2    18821.4     45.6    121.5    107.0 2021  7 29 10 38 27.890  1.81   1
       36  55.344751 -161.289176    32.352    -1155.7     9734.4     2663.1    139.1    400.0    248.4 2021  7 29 10 54 34.540  1.33   1
       38  55.198226 -161.650537    16.677   -24151.4    -6577.9   -13011.6    201.0    222.1    206.2 2021  7 29 11  5 32.900  1.95   1
       43  55.257324 -161.168538    18.201     6513.6        1.4   -11487.8    207.9    220.7    409.7 2021  7 29 11 42  3.340  1.80   1
       44  55.288643 -161.616081    20.987   -21934.1     3488.0    -8702.1    319.7    318.4    304.2 2021  7 29 11 48 28.910  1.47   1
       46  55.263676 -161.442497    28.431   -10904.8      708.5    -1257.2    186.4    311.8    240.9 2021  7 29 12 18 30.230  1.54   1
       48  55.204936 -160.940674    42.563    21015.7    -5830.9    12874.3    153.2    357.3    212.2 2021  7 29 12 28 50.210  2.15   1
        5  55.285787 -161.316471    31.684    -2891.5     3170.0     1995.0    203.7    188.5    246.6 2021  7 29  8 16 23.630  2.56   1
       50  55.272852 -161.376270    24.983    -6693.4     1730.0    -4705.3    234.2    296.2    225.8 2021  7 29 12 43 18.300  2.46   1
       52  55.452344 -162.095394    36.713   -52290.8    21712.4     7023.8    547.9    491.6    360.6 2021  7 29 13  3 41.710  1.17   1
       53  55.281433 -161.351709    33.340    -5131.5     2685.3     3651.6    192.1    531.8     84.7 2021  7 29 13 15 20.700  1.95   1
       55  55.260978 -160.865788    31.943    25762.3      408.1     2254.5     87.3    193.9    212.7 2021  7 29 13 30 55.080  1.84   1
       56  55.251782 -161.143473    35.792     8107.9     -615.6     6103.1    222.1    289.6    280.9 2021  7 29 13 48 44.020  1.70   1
       58  55.385897 -161.684880    32.769   -26274.7    14315.0     3079.9    379.6    544.3    184.1 2021  7 29 14  8 22.000  1.59   1
       59  55.196965 -160.901270    16.104    23525.2    -6718.3   -13584.4    257.0    650.1    959.6 2021  7 29 14 16 31.740  1.72   1
        6  55.311715 -161.940365    12.726   -42532.7     6056.5   -16963.1    835.9    982.1    703.0 2021  7 29  8 17 52.000  2.28   1
       61  55.445662 -162.206152    29.186   -59321.0    20968.6     -502.2    406.0    470.0    427.2 2021  7 29 14 48  6.250  1.42   1
       62  55.331580 -161.399235    40.234    -8147.3     8268.0    10545.1    257.2    708.1    258.9 2021  7 29 14 49 57.320  1.47   1
       63  55.234192 -161.034456    30.915    15043.3    -2573.9     1225.9    215.1    423.2    454.0 2021  7 29 14 53  3.640  1.73   1
       64  55.289233 -161.506120    22.085   -14945.0     3553.7    -7603.4    266.2    685.3    271.8 2021  7 29 14 57  2.980  0.76   1
       68  55.204281 -161.337370    23.894    -4224.1    -5903.9    -5794.6    288.8    377.9    298.4 2021  7 29 15 30 21.950  1.72   1
       69  55.149150 -161.344743    36.054    -4696.5   -12041.5     6365.7    225.0    287.9    277.5 2021  7 29 16  0 23.020  1.73   1
        7  55.213220 -160.931315    29.947    21608.9    -4908.6      258.3    153.1    345.2    317.5 2021  7 29  8 26  0.040  2.60   1
       70  55.248258 -160.890804    32.098    24175.6    -1007.9     2409.7    130.9    440.5    283.5 2021  7 29 16  8 42.960  1.57   1
       71  55.300199 -160.843213    51.279    27184.2     4774.5    21590.1    104.0    278.1    131.3 2021  7 29 16  9 41.650  3.21   1
       73  55.262337 -161.222510    32.928     3081.7      559.4     3239.6    227.5    249.4    364.0 2021  7 29 17  0 24.120  1.96   1
       74  55.245272 -161.716455    14.473   -28329.1    -1340.4   -15215.2    209.4    290.3    245.7 2021  7 29 17  4  4.780  1.53   1
       76  55.214811 -161.336019    16.738    -4137.6    -4731.5   -12950.9    209.5    166.0    275.9 2021  7 29 17 23  0.200  1.54   1
       78  55.220890 -161.057454    32.261    13582.9    -4054.7     2571.9    195.9    473.9    382.3 2021  7 29 17 33  6.720  1.41   1
       79  55.462634 -161.101969    50.572    10718.6    22858.0    20883.4    272.2    868.9    300.2 2021  7 29 17 34 10.600  1.78   1
        8  55.268677 -160.799300    47.840    29986.7     1265.2    18151.5     78.7    310.2     93.7 2021  7 29  8 40 45.560  2.67   1
       80  55.248189 -160.724186    47.481    34770.9    -1015.6    17792.4     93.3    174.7    133.7 2021  7 29 17 52 10.500  1.70   1
       81  55.222168 -161.586149     8.808   -20048.3    -3912.5   -20880.9    232.6    245.9    335.6 2021  7 29 18 14 38.920  1.52   1
       82  55.094255 -161.452881    20.712   -11589.5   -18152.8    -8976.4    247.0    313.6    328.1 2021  7 29 18 17 45.480  1.04   1
       83  55.211755 -161.144775    32.755     8029.1    -5071.7     3066.0    201.1    343.9    309.1 2021  7 29 18 38 14.600  1.74   1
       84  55.255953 -160.922282    41.122    22171.8     -151.3    11433.7    156.4    406.4    239.8 2021  7 29 18 46 50.320  1.53   1
       86  55.286304 -161.335303    27.849    -4088.4     3227.6    -1839.3     94.4    154.7    224.2 2021  7 29 19 12  7.840  2.05   1
       87  55.438029 -161.199447    28.593     4538.0    20118.8    -1095.4    271.7    239.1    505.7 2021  7 29 19 30 34.180  1.71   1
       88  55.272172 -160.883968    32.188    24602.9     1654.3     2499.5    157.2    377.0    350.0 2021  7 29 19 53 30.760  1.84   1
       89  55.371073 -161.225618    53.690     2880.1    12664.8    24001.5    543.6    812.6    530.3 2021  7 29 20 21 47.320  1.73   1
        9  55.070317 -161.579004    16.149   -19631.1   -20817.7   -13540.2    329.5    199.0    370.7 2021  7 29  8 55 58.050  2.15   1
       90  55.276461 -161.666960    12.376   -25171.7     2131.8   -17312.9    250.5    260.6    287.3 2021  7 29 20 23 39.940  1.71   1
       91  55.253495 -161.377490    18.003    -6772.6     -424.9   -11685.9    134.3    194.5    196.3 2021  7 29 20 25 45.000  1.56   1
       92  55.262724 -161.199479    28.814     4545.9      602.5     -874.6    182.4    353.8    367.1 2021  7 29 20 31  8.340  2.67   1
       93  55.208382 -160.782747    22.193    31062.5    -5447.2    -7495.2    220.2    430.1    242.7 2021  7 29 20 33 15.240  3.52   1
       94  55.133122 -161.739486    19.239   -29835.5   -13825.8   -10449.4    390.1    642.7    189.5 2021  7 29 20 42 34.660  0.97   1
       95  55.217228 -161.349951    20.109    -5023.8    -4462.4    -9579.7    280.2    338.3    410.4 2021  7 29 21  0 34.020  3.02   1
       96  55.283264 -160.760840    42.935    32425.9     2889.2    13246.5    234.2    633.9    376.9 2021  7 29 21  8 24.640  2.01   1
       97  55.258240 -161.006527    33.846    16814.6      103.3     4156.9    139.7    238.0    260.1 2021  7 29 21 18 25.600  2.09   1
       98  55.249524 -161.132308    31.068     8818.1     -867.0     1379.1    117.8    205.2    253.0 2021  7 29 21 39 48.320  2.47   1
