      102  55.277486 -160.796175    45.195    30182.0     2245.9    15506.5      9.9     21.4     14.4 2021  7 29 23 38 44.800  2.26   1
       11  55.136080 -161.006738    40.730    16826.9   -13496.5    11041.8     17.3     29.9     25.6 2021  7 29  9  8 20.310  2.02   1
       12  55.306222 -160.979150    47.083    18544.1     5445.0    17394.3      7.8     33.4      8.0 2021  7 29  9 17 37.990  2.17   1
       13  55.277091 -160.916276    45.553    22547.7     2202.0    15864.7      6.8     21.7      8.6 2021  7 29  9 23 23.330  2.00   1
       18  55.085364 -161.641488    17.545   -23608.8   -19142.6   -12144.0     19.2     17.7     20.1 2021  7 29  9 43 53.380  1.37   1
        2  55.410327 -161.841406    54.226   -36200.1    17034.8    24537.3     83.0     18.7     14.1 2021  7 29  8  3 26.930  2.55   1
       20  55.284766 -161.255208    30.965     1002.5     3056.3     1276.2      9.5     20.5     15.1 2021  7 29  9 52 54.070  2.17   1
       21  55.317212 -160.952637    49.087    20226.1     6668.5    19397.9      6.5     18.5      9.2 2021  7 29  9 54 13.220  2.82   1
       23  55.079211 -161.381006    22.019    -7011.4   -19827.5    -7669.4     24.4     29.5     32.5 2021  7 29 10  2 12.400  1.76   1
       26  55.398006 -161.697786    51.322   -27089.9    15663.1    21633.3     13.4     24.5     14.7 2021  7 29 10 13 56.110  1.67   1
       27  55.185234 -161.498763    13.309   -14496.3    -8024.3   -16379.6     14.5     25.3     21.3 2021  7 29 10 16 29.700  1.67   1
       28  55.210168 -161.364176    12.871    -5929.3    -5248.4   -16817.7     12.6     14.0     16.6 2021  7 29 10 17 54.180  1.83   1
       32  55.188131 -160.814388    45.034    29056.8    -7701.8    15344.9     13.5     46.3     20.1 2021  7 29 10 27 25.940  2.09   1
       33  55.285205 -160.696973    48.513    36484.5     3105.3    18824.0     10.1     29.5     14.8 2021  7 29 10 38 27.890  1.81   1
       36  55.344958 -161.289095    32.359    -1150.6     9757.5     2670.5     16.2     16.9     24.4 2021  7 29 10 54 34.540  1.33   1
       38  55.198376 -161.650700    16.667   -24161.7    -6561.1   -13021.7     18.7     29.4     18.9 2021  7 29 11  5 32.900  1.95   1
       44  55.288521 -161.615674    21.011   -21908.2     3474.5    -8678.1     21.6     51.3     21.9 2021  7 29 11 48 28.910  1.47   1
       46  55.263558 -161.442367    28.445   -10896.5      695.3    -1243.6     19.3     21.1     25.4 2021  7 29 12 18 30.230  1.54   1
       48  55.204740 -160.940592    42.573    21021.0    -5852.7    12884.0     12.2     30.6     17.1 2021  7 29 12 28 50.210  2.15   1
        5  55.285697 -161.316292    31.702    -2880.1     3160.1     2013.7     14.6     18.9     19.1 2021  7 29  8 16 23.630  2.56   1
       50  55.273063 -161.376546    23.457    -6710.9     1753.5    -6231.3     13.2     17.7     14.4 2021  7 29 12 43 18.300  2.46   1
       53  55.281213 -161.351807    33.336    -5137.7     2660.9     3647.4     16.9     29.7     21.7 2021  7 29 13 15 20.700  1.95   1
       55  55.260885 -160.865771    31.951    25763.3      397.7     2262.6      9.0     27.8     21.0 2021  7 29 13 30 55.080  1.84   1
       56  55.251705 -161.143392    35.800     8113.0     -624.2     6111.5      9.8     15.7     12.2 2021  7 29 13 48 44.020  1.70   1
       62  55.331132 -161.398877    40.252    -8124.6     8218.2    10563.3     24.0     24.2     23.6 2021  7 29 14 49 57.320  1.47   1
       63  55.233752 -161.034245    30.973    15056.8    -2622.8     1284.6      4.4     15.4      9.4 2021  7 29 14 53  3.640  1.73   1
       64  55.288912 -161.505811    22.108   -14925.4     3517.9    -7580.4     20.9     59.6     24.8 2021  7 29 14 57  2.980  0.76   1
       68  55.204598 -161.337728    23.871    -4246.9    -5868.5    -5817.2     14.8     15.8     16.3 2021  7 29 15 30 21.950  1.72   1
        7  55.213354 -160.931364    29.928    21605.8    -4893.7      239.6     14.1     32.9     29.7 2021  7 29  8 26  0.040  2.60   1
       70  55.248547 -160.890820    32.088    24174.5     -975.7     2399.7     11.5     27.4     24.9 2021  7 29 16  8 42.960  1.57   1
       71  55.300195 -160.843278    51.273    27180.1     4774.1    21584.0     10.8     18.5     11.9 2021  7 29 16  9 41.650  3.21   1
       73  55.262480 -161.222559    32.922     3078.6      575.3     3233.7      6.3      8.6      8.8 2021  7 29 17  0 24.120  1.96   1
       74  55.245170 -161.716227    14.488   -28314.6    -1351.7   -15200.3     14.5     15.8     13.1 2021  7 29 17  4  4.780  1.53   1
       76  55.214840 -161.336084    16.732    -4141.7    -4728.3   -12956.6     10.0     15.3     18.8 2021  7 29 17 23  0.200  1.54   1
       78  55.220467 -161.057275    32.304    13594.3    -4101.9     2615.8     10.1     18.3     19.6 2021  7 29 17 33  6.720  1.41   1
        8  55.268599 -160.799300    47.840    29986.7     1256.6    18151.7      6.5     18.4      7.9 2021  7 29  8 40 45.560  2.67   1
       80  55.248181 -160.724154    47.485    34773.0    -1016.5    17796.1     10.8     23.5     15.4 2021  7 29 17 52 10.500  1.70   1
       81  55.222062 -161.585921     8.843   -20033.9    -3924.3   -20845.6     13.0     14.6     24.8 2021  7 29 18 14 38.920  1.52   1
       82  55.094491 -161.453190    20.677   -11609.2   -18126.5    -9012.1     24.8     28.9     31.4 2021  7 29 18 17 45.480  1.04   1
       83  55.211532 -161.144645    32.777     8037.4    -5096.6     3088.6     11.1     26.5     19.4 2021  7 29 18 38 14.600  1.74   1
       84  55.255766 -160.922201    41.134    22177.0     -172.1    11445.3      8.7     24.4     12.8 2021  7 29 18 46 50.320  1.53   1
       86  55.286328 -161.335335    27.846    -4090.4     3230.3    -1842.9      8.5     16.2     14.1 2021  7 29 19 12  7.840  2.05   1
       88  55.271993 -160.883838    32.229    24611.2     1634.4     2540.0     13.8     28.6     31.1 2021  7 29 19 53 30.760  1.84   1
        9  55.070390 -161.579036    16.141   -19633.1   -20809.6   -13548.0     17.8     17.9     23.7 2021  7 29  8 55 58.050  2.15   1
       90  55.276298 -161.666764    12.397   -25159.3     2113.7   -17291.4     12.9     17.8     13.5 2021  7 29 20 23 39.940  1.71   1
       91  55.253483 -161.377409    18.014    -6767.4     -426.3   -11674.3      6.0     17.8      6.5 2021  7 29 20 25 45.000  1.56   1
       92  55.262850 -161.199447    28.824     4548.0      616.5     -864.9     12.8     23.2     25.9 2021  7 29 20 31  8.340  2.67   1
       94  55.133468 -161.739372    19.238   -29828.1   -13787.3   -10450.4     26.9     56.6     18.4 2021  7 29 20 42 34.660  0.97   1
       95  55.216943 -161.349691    20.144    -5007.2    -4494.1    -9544.2      7.3      4.3      8.1 2021  7 29 21  0 34.020  3.02   1
       96  55.283553 -160.760986    42.913    32416.4     2921.4    13224.3     11.8     33.0     17.4 2021  7 29 21  8 24.640  2.01   1
       97  55.258415 -161.006624    33.824    16808.4      122.8     4135.1     10.5     16.8     19.4 2021  7 29 21 18 25.600  2.09   1
       98  55.249642 -161.132373    31.055     8813.9     -853.9     1366.4     10.7     14.7     18.9 2021  7 29 21 39 48.320  2.47   1
