      101  55.238159 -160.537939    30.220    46620.3    -2132.2      531.6    379.3    858.4   1271.2 2021  7 29 22 56 32.180  2.08   1
      102  55.277629 -160.796191    45.192    30180.9     2261.8    15503.0     94.3    338.7    141.0 2021  7 29 23 38 44.800  2.26   1
       11  55.136027 -161.006706    40.737    16829.0   -13502.4    11047.9    191.0    246.7    228.3 2021  7 29  9  8 20.310  2.02   1
       12  55.306287 -160.979232    47.075    18538.9     5452.2    17386.6    158.5    125.9    196.9 2021  7 29  9 17 37.990  2.17   1
       13  55.277144 -160.916292    45.551    22546.6     2207.9    15862.7    110.8    298.0    149.4 2021  7 29  9 23 23.330  2.00   1
       16  55.088082 -161.785726    11.744   -32798.6   -18840.0   -17945.2    368.8    265.3    423.9 2021  7 29  9 36  2.170  1.94   1
       17  55.031026 -161.611296     2.194   -21699.7   -25191.8   -27495.1    517.0    383.4    419.6 2021  7 29  9 38  8.500  2.01   1
       18  55.085571 -161.641683    17.529   -23621.2   -19119.5   -12159.3    475.8    330.8    455.8 2021  7 29  9 43 53.380  1.37   1
       19  55.284949 -161.010645    16.001    16547.3     3076.7   -13687.8    293.2    572.6   1004.5 2021  7 29  9 45 15.880  1.99   1
        2  55.410319 -161.839746    54.222   -36094.7    17033.9    24533.4   1033.9    567.8    172.4 2021  7 29  8  3 26.930  2.55   1
       20  55.284794 -161.255257    30.955      999.4     3059.5     1266.8    124.8    206.9    223.2 2021  7 29  9 52 54.070  2.17   1
       21  55.317196 -160.952734    49.077    20219.9     6666.7    19388.0    172.5    176.5    214.6 2021  7 29  9 54 13.220  2.82   1
       23  55.079215 -161.381022    22.018    -7012.5   -19827.0    -7671.1    148.0    134.6    178.4 2021  7 29 10  2 12.400  1.76   1
       25  55.275427 -161.589193     2.175   -20228.4     2016.7   -27513.6    442.5    515.0    512.8 2021  7 29 10  6 28.790  1.00   1
       26  55.398112 -161.697624    51.327   -27079.6    15674.9    21638.4    316.5    361.9    183.8 2021  7 29 10 13 56.110  1.67   1
       27  55.184981 -161.498486    13.348   -14478.7    -8052.4   -16341.1    295.9    416.2    392.7 2021  7 29 10 16 29.700  1.67   1
       28  55.210242 -161.364242    12.853    -5933.4    -5240.2   -16835.3    218.5    239.1    305.2 2021  7 29 10 17 54.180  1.83   1
       30  55.434412 -161.747217    19.128   -30213.5    19716.1   -10561.0    723.1    633.4    519.0 2021  7 29 10 22 57.000  1.35   1
       32  55.187732 -160.814274    45.049    29064.2    -7746.2    15360.6    199.9    479.6    305.4 2021  7 29 10 27 25.940  2.09   1
       33  55.285291 -160.697005    48.510    36482.4     3114.8    18821.4     45.1    120.1    106.1 2021  7 29 10 38 27.890  1.81   1
       36  55.344804 -161.289160    32.353    -1154.7     9740.3     2664.8    141.1    396.8    254.4 2021  7 29 10 54 34.540  1.33   1
       38  55.198254 -161.650586    16.674   -24154.5    -6574.7   -13014.6    199.9    221.7    204.8 2021  7 29 11  5 32.900  1.95   1
       43  55.257345 -161.168571    18.192     6511.5        3.6   -11496.9    207.5    218.8    409.3 2021  7 29 11 42  3.340  1.80   1
       44  55.288586 -161.615967    20.993   -21926.8     3481.7    -8695.5    318.2    317.3    302.8 2021  7 29 11 48 28.910  1.47   1
       46  55.263656 -161.442480    28.433   -10903.7      706.2    -1255.7    182.1    308.6    235.1 2021  7 29 12 18 30.230  1.54   1
       48  55.204875 -160.940658    42.566    21016.8    -5837.7    12877.4    152.6    356.7    210.7 2021  7 29 12 28 50.210  2.15   1
        5  55.285771 -161.316439    31.687    -2889.4     3168.2     1998.6    200.0    197.3    241.3 2021  7 29  8 16 23.630  2.56   1
       50  55.272904 -161.376335    24.988    -6697.5     1735.9    -4700.8    242.7    340.8    261.4 2021  7 29 12 43 18.300  2.46   1
       52  55.452384 -162.095492    36.715   -52297.0    21716.9     7026.3    540.7    485.2    356.0 2021  7 29 13  3 41.710  1.17   1
       53  55.281364 -161.351725    33.341    -5132.5     2677.6     3651.9    197.3    524.4     67.6 2021  7 29 13 15 20.700  1.95   1
       55  55.260954 -160.865788    31.946    25762.3      405.4     2257.7     86.8    192.6    212.0 2021  7 29 13 30 55.080  1.84   1
       56  55.251762 -161.143457    35.794     8108.9     -617.9     6104.9    221.1    288.3    279.5 2021  7 29 13 48 44.020  1.70   1
       58  55.385795 -161.684945    32.767   -26278.9    14303.7     3078.5    377.1    542.5    182.0 2021  7 29 14  8 22.000  1.59   1
       59  55.197131 -160.901335    16.037    23521.0    -6699.8   -13651.7    256.4    648.9    970.5 2021  7 29 14 16 31.740  1.72   1
        6  55.311434 -161.940723    12.741   -42555.6     6025.3   -16947.6    825.8    969.1    695.1 2021  7 29  8 17 52.000  2.28   1
       61  55.445626 -162.206104    29.183   -59317.9    20964.5     -505.7    400.7    463.9    421.6 2021  7 29 14 48  6.250  1.42   1
       62  55.331458 -161.399154    40.237    -8142.1     8254.4    10548.8    257.0    701.6    261.4 2021  7 29 14 49 57.320  1.47   1
       63  55.234086 -161.034391    30.929    15047.5    -2585.7     1240.3    213.9    422.4    450.6 2021  7 29 14 53  3.640  1.73   1
       64  55.289168 -161.506055    22.091   -14940.9     3546.5    -7598.0    265.0    682.3    270.6 2021  7 29 14 57  2.980  0.76   1
       68  55.204358 -161.337451    23.888    -4229.3    -5895.3    -5800.4    289.5    379.4    298.9 2021  7 29 15 30 21.950  1.72   1
       69  55.149097 -161.344694    36.059    -4693.3   -12047.3     6370.1    223.8    287.3    274.9 2021  7 29 16  0 23.020  1.73   1
        7  55.213245 -160.931315    29.944    21608.9    -4905.9      255.2    152.2    343.4    315.2 2021  7 29  8 26  0.040  2.60   1
       70  55.248315 -160.890804    32.097    24175.6    -1001.6     2408.2    129.9    439.5    281.4 2021  7 29 16  8 42.960  1.57   1
       71  55.300199 -160.843229    51.278    27183.2     4774.5    21588.8    103.6    276.6    130.7 2021  7 29 16  9 41.650  3.21   1
       73  55.262374 -161.222526    32.927     3080.7      563.5     3237.8    225.5    247.4    361.0 2021  7 29 17  0 24.120  1.96   1
       74  55.245247 -161.716406    14.477   -28326.0    -1343.1   -15211.8    208.1    289.5    245.1 2021  7 29 17  4  4.780  1.53   1
       76  55.214819 -161.336035    16.736    -4138.6    -4730.6   -12953.1    212.3    175.4    286.1 2021  7 29 17 23  0.200  1.54   1
       78  55.220785 -161.057406    32.271    13586.0    -4066.5     2582.4    194.6    473.1    380.3 2021  7 29 17 33  6.720  1.41   1
       79  55.462565 -161.101937    50.574    10720.7    22850.3    20885.5    268.9    864.1    296.6 2021  7 29 17 34 10.600  1.78   1
        8  55.268652 -160.799300    47.840    29986.7     1262.5    18151.6     78.4    309.3     93.3 2021  7 29  8 40 45.560  2.67   1
       80  55.248177 -160.724186    47.482    34770.9    -1017.0    17793.5     93.3    172.8    133.7 2021  7 29 17 52 10.500  1.70   1
       81  55.222139 -161.586100     8.816   -20045.2    -3915.7   -20873.2    232.2    245.3    333.2 2021  7 29 18 14 38.920  1.52   1
       82  55.094307 -161.452946    20.705   -11593.6   -18146.9    -8984.1    245.7    313.2    326.9 2021  7 29 18 17 45.480  1.04   1
       83  55.211711 -161.144743    32.759     8031.2    -5076.7     3070.6    200.6    343.0    308.3 2021  7 29 18 38 14.600  1.74   1
       84  55.255908 -160.922266    41.125    22172.8     -156.3    11436.1    156.1    405.1    239.2 2021  7 29 18 46 50.320  1.53   1
       86  55.286308 -161.335303    27.849    -4088.4     3228.0    -1839.9     86.9    137.6    208.3 2021  7 29 19 12  7.840  2.05   1
       87  55.438053 -161.199398    28.606     4541.1    20121.5    -1082.3    271.0    237.4    503.9 2021  7 29 19 30 34.180  1.71   1
       88  55.272148 -160.883952    32.196    24604.0     1651.6     2507.5    156.1    373.7    347.0 2021  7 29 19 53 30.760  1.84   1
       89  55.370850 -161.225944    53.671     2859.5    12639.9    23981.8    542.2    804.6    528.9 2021  7 29 20 21 47.320  1.73   1
        9  55.070329 -161.579004    16.147   -19631.1   -20816.4   -13541.6    326.8    196.7    367.2 2021  7 29  8 55 58.050  2.15   1
       90  55.276420 -161.666895    12.382   -25167.6     2127.3   -17307.2    248.0    260.3    286.6 2021  7 29 20 23 39.940  1.71   1
       91  55.253491 -161.377458    18.006    -6770.5     -425.4   -11683.2    131.9    203.0    194.7 2021  7 29 20 25 45.000  1.56   1
       92  55.262744 -161.199463    28.818     4547.0      604.7     -870.5    181.8    352.6    365.8 2021  7 29 20 31  8.340  2.67   1
       93  55.208464 -160.782796    22.197    31059.3    -5438.2    -7491.8    218.0    425.5    240.3 2021  7 29 20 33 15.240  3.52   1
       94  55.133240 -161.739469    19.239   -29834.4   -13812.7   -10450.0    387.5    641.3    187.5 2021  7 29 20 42 34.660  0.97   1
       95  55.217159 -161.349886    20.118    -5019.6    -4470.1    -9570.7    279.9    337.7    410.1 2021  7 29 21  0 34.020  3.02   1
       96  55.283329 -160.760872    42.930    32423.8     2896.4    13241.7    231.5    627.9    372.7 2021  7 29 21  8 24.640  2.01   1
       97  55.258276 -161.006543    33.841    16813.6      107.4     4152.6    138.7    236.8    258.1 2021  7 29 21 18 25.600  2.09   1
       98  55.249552 -161.132308    31.066     8818.1     -863.9     1376.9    116.8    204.7    250.9 2021  7 29 21 39 48.320  2.47   1
