       10  55.349154 -161.066341    52.041    13066.8     9462.1    22857.2      9.6     51.9     10.4 2021  7 29  8 55 52.000  2.49   1
      100  55.210767 -161.139876    32.568     8411.6    -5944.2     3383.6      7.9     19.6     13.5 2021  7 29 18 38 14.580  1.71   1
      101  55.256079 -160.922331    41.116    22238.1     -899.6    11931.8      7.6     26.1     10.8 2021  7 29 18 46 50.320  1.53   1
      105  55.399866 -160.965918    56.410    19431.8    15107.8    27226.6     13.2     58.4     14.1 2021  7 29 19 53 30.080  1.70   1
      106  55.316138 -161.164453    41.652     6839.1     5786.5    12468.0     18.3     16.4     22.0 2021  7 29 20 21 46.980  1.49   1
      107  55.276436 -161.666439    12.425   -25065.0     1366.7   -16758.8     11.7     14.8     11.9 2021  7 29 20 23 39.940  1.71   1
      108  55.245272 -161.032048    32.811    15264.5    -2102.8     3627.5      9.1     19.5     17.6 2021  7 29 20 25 41.240  1.60   1
      109  55.264917 -161.234489    28.012     2391.2       84.3    -1172.1     17.0     30.7     36.3 2021  7 29 20 31  8.680  2.62   1
      110  55.209831 -160.791406    31.482    30579.8    -6048.4     2297.7     16.5     31.5     42.8 2021  7 29 20 33 15.160  3.44   1
      112  55.202214 -161.235075    21.727     2355.8    -6896.4    -7457.4      6.4     13.5     13.0 2021  7 29 21  0 32.940  3.04   1
      113  55.283484 -160.761003    42.908    32484.0     2151.3    13723.7     11.1     22.5     17.4 2021  7 29 21  8 24.640  2.01   1
      114  55.237537 -160.869287    31.367    25616.5    -2963.9     2183.4     15.1     27.9     36.5 2021  7 29 21 18 24.320  2.12   1
      115  55.254871 -161.132682    32.905     8864.3    -1034.2     3720.9      6.4      9.9     12.0 2021  7 29 21 39 48.140  2.62   1
      117  55.197725 -160.695980    31.245    36656.0    -7396.0     2060.8     11.4     16.7     32.5 2021  7 29 22 18 57.100  2.85   1
      119  55.277596 -160.796224    45.188    30247.7     1495.8    16004.1      9.2     18.2     13.8 2021  7 29 23 38 44.800  2.26   1
       12  55.135124 -161.005176    40.362    16996.6   -14365.3    11177.6     18.1     30.4     26.9 2021  7 29  9  8 20.310  1.97   1
       13  55.306470 -160.977718    46.817    18704.8     4710.2    17632.9      8.5     26.3      8.7 2021  7 29  9 17 38.000  2.15   1
       14  55.279427 -160.917008    45.251    22569.9     1699.6    16067.1      4.2     14.4      4.2 2021  7 29  9 23 23.350  2.01   1
       16  55.269751 -161.202686    16.254     4412.7      622.4   -12929.7      5.1     10.1     20.4 2021  7 29  9 28 54.070  2.61   1
        2  55.410356 -161.842204    54.228   -36176.3    16275.6    25044.4     75.5     18.1     11.9 2021  7 29  8  3 26.930  2.55   1
       22  55.315588 -160.947493    49.732    20622.9     5725.4    20547.7      6.5     19.8      7.6 2021  7 29  9 54 13.140  2.81   1
       24  55.079163 -161.380990    22.014    -6938.2   -20595.3    -7170.0     18.2     22.2     24.0 2021  7 29 10  2 12.400  1.76   1
       28  55.397884 -161.697607    51.338   -27005.0    14887.2    22153.8     12.5     23.6     12.3 2021  7 29 10 13 56.110  1.67   1
       29  55.185234 -161.498796    13.302   -14425.7    -8786.7   -15881.4     29.7     35.3     45.2 2021  7 29 10 16 29.700  1.67   1
       31  55.210124 -161.364030    12.904    -5848.0    -6015.8   -16280.4     28.6     33.8     49.3 2021  7 29 10 17 54.180  1.83   1
       34  55.433846 -161.743099    19.148   -29878.7    18890.7   -10035.7     22.5     18.9     13.9 2021  7 29 10 22 56.970  1.35   1
       36  55.188155 -160.814486    45.018    29119.5    -8461.5    15834.5     16.9     31.8     26.2 2021  7 29 10 27 25.940  2.09   1
       37  55.285360 -160.694222    48.656    36727.5     2360.1    19472.2     10.0     18.4     14.9 2021  7 29 10 38 27.860  1.81   1
       38  55.275203 -161.309505    19.726    -2377.4     1229.4    -9457.7      8.5      7.5     12.6 2021  7 29 10 42 50.300  1.30   1
        4  55.284851 -161.366927    27.814    -6026.6     2303.5    -1370.2     20.3     26.0     29.7 2021  7 29  8 10 19.430  2.64   1
       43  55.101628 -161.410905    27.759    -8841.9   -18094.4    -1424.9     20.0     25.0     30.9 2021  7 29 11  5 30.160  1.75   1
       44  55.358024 -161.422217    20.912    -9531.9    10449.7    -8272.4      6.5     14.9      9.9 2021  7 29 11  5 31.140  1.57   1
       49  55.277299 -160.889258    49.113    24334.4     1462.7    19929.6      4.2     13.6      5.4 2021  7 29 11 41 59.690  1.81   1
       51  55.288888 -161.670898    20.470   -25344.5     2752.8    -8713.7     15.0     16.7     11.8 2021  7 29 11 48 29.230  1.33   1
       53  55.264111 -161.445117    28.465   -10998.9       -5.4     -718.9     20.8     19.8     39.5 2021  7 29 12 18 30.250  1.56   1
       54  55.481287 -161.623226    16.903   -22261.0    24172.2   -12281.3     17.0     16.4     16.8 2021  7 29 12 24  8.720  1.29   1
       55  55.205058 -160.940690    42.561    21084.3    -6579.7    13377.5     12.5     35.5     17.4 2021  7 29 12 28 50.210  2.15   1
       56  55.320296 -161.334424    22.808    -3959.1     6249.5    -6376.2      1.9     30.4      7.9 2021  7 29 12 32 45.450  1.61   1
       57  55.273409 -161.375749    24.871    -6588.3     1029.7    -4312.8      6.3     20.3      6.8 2021  7 29 12 43 18.310  2.49   1
       58  55.162329 -161.213835    22.435     3709.0   -11336.6    -6749.2      9.8     16.4     14.5 2021  7 29 12 52 17.840  1.97   1
        6  55.311934 -160.855762    52.104    26452.0     5318.6    22920.4      9.3     14.3     10.8 2021  7 29  8 16 19.180  2.82   1
       62  55.245260 -161.228158    33.260     2794.4    -2104.2     4076.5     12.8      7.9     20.5 2021  7 29 13 15 19.590  1.98   1
       64  55.255599 -160.868213    32.095    25679.0     -953.1     2910.9     12.5     19.8     29.2 2021  7 29 13 30 55.130  1.82   1
       65  55.250871 -161.146224    36.144     8003.8    -1479.5     6960.3      8.6     13.5     12.5 2021  7 29 13 48 44.030  1.68   1
       67  55.195020 -161.383870    11.576    -7111.5    -7697.3   -17608.3     28.7     32.6     53.8 2021  7 29 14  8 21.550  1.63   1
       72  55.283496 -161.421273    24.367    -9480.8     2152.6    -4817.1      9.5     16.4     10.3 2021  7 29 14 49 58.860  1.56   1
       74  55.233525 -161.036263    31.030    14998.7    -3410.6     1845.8      7.3     17.2     15.9 2021  7 29 14 53  3.650  1.73   1
       75  55.289128 -161.506136    22.227   -14873.4     2779.6    -6957.0      7.7     12.9      7.2 2021  7 29 14 57  2.970  1.09   1
        8  55.213603 -160.931494    29.868    21667.0    -5628.4      684.1     13.1     28.0     31.6 2021  7 29  8 26  0.040  2.62   1
       80  55.213737 -161.345052    23.595    -4640.5    -5613.5    -5589.0      7.3     12.1     20.0 2021  7 29 15 30 21.840  1.84   1
       84  55.248828 -160.890951    32.048    24235.4    -1706.9     2863.9      8.8     25.6     20.7 2021  7 29 16  8 42.960  1.57   1
       85  55.283268 -160.830762    51.454    28050.4     2127.3    22269.9      2.6     12.4      4.5 2021  7 29 16  9 41.520  3.27   1
       86  55.269926 -160.890218    58.301    24275.6      641.9    29117.4      9.4     38.9     10.9 2021  7 29 16 38 27.990  1.72   1
       89  55.245536 -161.715413    14.520   -28188.9    -2073.4   -14663.9     14.2     14.3     12.1 2021  7 29 17  4  4.780  1.53   1
        9  55.268770 -160.799300    47.839    30055.5      513.2    18655.3      7.1     16.8      9.7 2021  7 29  8 40 45.560  2.67   1
       92  55.204146 -161.264909    22.596      457.7    -6681.2    -6587.9      8.5     10.5      5.1 2021  7 29 17 22 59.280  1.32   1
       94  55.221195 -161.078581    32.315    12309.3    -4783.2     3131.1      7.1     17.6     13.1 2021  7 29 17 33  6.920  1.35   1
