       12  55.309127 -161.178076    46.401     6998.7     4729.7    22448.7     40.1     25.5     44.1 2021  7 29  9 17 39.770  2.17   1
       13  55.285819 -160.934489    41.832    22481.5     2135.0    17880.4      7.7     34.0      9.4 2021  7 29  9 23 24.050  2.00   1
       15  55.375789 -161.398584    19.694    -7005.3    12151.1    -4258.0     12.8     37.0     15.9 2021  7 29  9 28 55.900  2.75   1
       18  55.086686 -161.525667    18.962   -15127.4   -20034.1    -4989.6     17.8     18.2     21.5 2021  7 29  9 43 52.330  1.37   1
       19  55.298157 -161.132178    12.209     9916.2     3508.4   -11743.2     14.7     26.8     39.8 2021  7 29  9 45 16.920  1.99   1
       20  55.249740 -161.279102    11.906      580.6    -1881.7   -12046.1     15.8     30.2     33.5 2021  7 29  9 52 54.840  2.17   1
       21  55.320492 -160.990592    44.485    18907.7     5994.9    20533.3      2.8     43.0      2.5 2021  7 29  9 54 14.140  2.82   1
       23  55.092041 -161.410579    18.348    -7794.4   -19438.0    -5603.7     19.1     13.2     29.0 2021  7 29 10  2 12.820  1.76   1
       27  55.187655 -161.514469    13.388   -14395.8    -8793.5   -10563.5      9.0      9.9     15.4 2021  7 29 10 16 29.600  1.67   1
       28  55.219100 -161.415055    13.698    -8066.7    -5292.8   -10254.3     10.5     17.2     32.2 2021  7 29 10 17 54.390  1.83   1
        3  55.072538 -161.143962    16.180     9193.4   -21609.2    -7772.3      6.1     10.5     25.9 2021  7 29  8  9 30.290  2.36   1
       30  55.337903 -161.501514    22.297   -13545.8     7933.3    -1654.6     17.5     30.3     17.9 2021  7 29 10 22 54.410  1.35   1
       32  55.279631 -161.208512    45.579     5066.9     1446.0    21627.4     26.2     39.8     28.0 2021  7 29 10 27 29.690  2.09   1
       33  55.284249 -160.708919    41.703    36817.9     1960.1    17750.8     13.7     27.4     23.8 2021  7 29 10 38 28.690  1.81   1
       38  55.190800 -161.613786    16.650   -20714.6    -8443.3    -7302.0     12.9     20.2     15.2 2021  7 29 11  5 32.480  1.95   1
       42  55.272913 -161.460710    22.314   -10963.2      698.1    -1638.0     17.3     26.8     20.1 2021  7 29 11 29 54.690  1.78   1
       43  55.249976 -160.919271    34.576    23459.2    -1855.5    10623.9     15.6     28.9     29.2 2021  7 29 11 42  0.990  1.80   1
       44  55.284184 -161.650456    20.463   -23020.9     1952.9    -3488.9     24.7     31.9     20.0 2021  7 29 11 48 29.010  1.47   1
       46  55.258923 -161.410677    26.454    -7784.4     -859.3     2502.5     26.6     27.3     44.7 2021  7 29 12 18 30.310  1.54   1
       48  55.094519 -161.034212    16.377    16182.5   -19162.1    -7575.0      5.8     12.3     25.9 2021  7 29 12 28 51.680  2.15   1
        5  55.293742 -161.304622    27.071    -1041.5     3016.9     3119.2     20.4     13.4     42.9 2021  7 29  8 16 24.100  2.56   1
       50  55.303967 -161.363997    18.615    -4814.0     4155.3    -5337.1      7.5     25.4     11.4 2021  7 29 12 43 18.710  2.46   1
       52  55.452580 -162.103874    32.603   -51728.2    20700.0     8650.9     20.1     18.4     14.8 2021  7 29 13  3 42.320  1.17   1
       53  55.258870 -161.242611    31.311     2900.4     -865.2     7359.2     27.8     50.5     43.3 2021  7 29 13 15 20.400  1.95   1
       54  55.306995 -160.960710    29.464    20809.6     4492.3     5512.3     19.0     35.0     47.7 2021  7 29 13 18 29.800  2.32   1
       55  55.229476 -160.964176    13.636    20609.3    -4137.6   -10316.1     16.2     28.7     24.6 2021  7 29 13 30 56.330  1.84   1
       56  55.261206 -161.155632    29.980     8429.8     -605.2     6027.8     15.5     25.7     30.3 2021  7 29 13 48 44.810  1.70   1
       59  55.220866 -160.988590    10.658    19058.7    -5096.2   -13293.6     16.7     26.6     36.3 2021  7 29 14 16 32.450  1.72   1
       61  55.451355 -162.183643    30.576   -56788.0    20563.6     6624.2     16.9     18.4     16.1 2021  7 29 14 48  6.310  1.42   1
       62  55.299064 -161.436393    22.720    -9414.5     3609.5    -1231.7     11.2     22.1     13.0 2021  7 29 14 49 59.200  1.47   1
       63  55.223938 -161.039535    16.063    15817.8    -4754.2    -7889.0     11.6     26.5     39.4 2021  7 29 14 53  4.180  1.73   1
       64  55.293673 -161.512402    19.743   -14245.3     3009.2    -4209.3     21.3     41.2     25.1 2021  7 29 14 57  3.120  0.76   1
       67  55.159058 -160.897038    13.028    24901.2   -11977.2   -10923.6      9.6     21.6     13.0 2021  7 29 15 13 48.720  1.96   1
       68  55.216748 -161.388607    15.660    -6384.6    -5554.6    -8292.3      1.0      8.6     22.1 2021  7 29 15 30 22.340  1.72   1
        7  55.290576 -161.809863    14.394   -33149.3     2664.5    -9557.5     36.6     19.9     15.2 2021  7 29  8 26  7.930  2.60   1
       70  55.262150 -161.057943    13.332    14640.0     -500.1   -10619.7     10.7     17.6     16.3 2021  7 29 16  8 44.840  1.57   1
       71  55.295463 -160.860042    46.341    27209.5     3208.6    22388.7     12.2     31.7     14.3 2021  7 29 16  9 42.460  3.21   1
       72  55.253654 -161.289551    33.795      -83.8    -1446.0     9842.8     34.0     58.4     44.2 2021  7 29 16 38 32.620  1.61   1
       74  55.246012 -161.728451    13.076   -27991.2    -2296.7   -10876.1      9.7      6.3      5.1 2021  7 29 17  4  4.840  1.53   1
       76  55.214555 -161.396875    12.874    -6910.7    -5798.8   -11077.6     11.5     19.2     26.4 2021  7 29 17 23  0.580  1.54   1
       78  55.249052 -161.718245     9.348   -27341.3    -1958.3   -14604.3     18.5      8.5     16.2 2021  7 29 17 33 13.280  1.41   1
        8  55.252767 -160.646191    42.242    40820.6    -1544.7    18289.9     13.8     24.7     24.5 2021  7 29  8 40 45.070  2.67   1
       80  55.286129 -161.113395    47.859    11111.4     2169.4    23907.6     12.5     35.0     12.3 2021  7 29 17 52 14.100  1.70   1
       81  55.230322 -161.616130    10.543   -20853.4    -4043.4   -13409.3     14.0     18.5     13.9 2021  7 29 18 14 38.840  1.52   1
       83  55.206970 -161.117301    21.359    10873.9    -6643.2    -2592.4     17.5     22.5     37.3 2021  7 29 18 38 15.120  1.74   1
       84  55.254045 -161.065918    31.980    14134.4    -1402.5     8028.0     10.5     32.3     17.4 2021  7 29 18 46 52.160  1.53   1
       86  55.256864 -161.315316    14.212    -1721.9    -1088.5    -9739.5     16.0     28.3     86.7 2021  7 29 19 12  8.160  2.05   1
       89  55.321924 -161.171517    38.159     7414.3     6154.4    14206.8     47.9     71.7     64.2 2021  7 29 20 21 47.600  1.73   1
        9  55.088493 -161.609961    14.834   -20497.4   -19833.0    -9118.2     18.4     28.4     23.1 2021  7 29  8 55 58.340  2.15   1
       90  55.274223 -161.679915    13.552   -24896.3      843.9   -10400.2     16.9      4.2     12.4 2021  7 29 20 23 39.700  1.71   1
       91  55.249825 -161.037012    31.308    15973.1    -1872.2     7356.2      8.1     28.3     16.7 2021  7 29 20 25 41.780  1.56   1
       92  55.258862 -161.169141    22.734     7571.2     -866.1    -1218.1     22.5     24.3     19.4 2021  7 29 20 31  8.540  2.67   1
       93  55.204211 -160.812077    15.812    30292.1    -6950.3    -8139.5      8.6     31.8     34.1 2021  7 29 20 33 15.760  3.52   1
       95  55.243701 -161.558577    14.123   -17190.4    -2554.0    -9828.6      8.1     27.6     12.0 2021  7 29 21  0 35.940  3.02   1
       96  55.285319 -160.779134    37.647    32355.0     2079.2    13695.5     17.1     40.9     30.2 2021  7 29 21  8 25.420  2.01   1
       97  55.253267 -160.903516    28.954    24459.9    -1489.0     5001.8     14.4     27.7     40.7 2021  7 29 21 18 25.360  2.09   1
       98  55.258142 -161.136751    26.153     9630.4     -946.3     2201.3     12.1     17.5     42.1 2021  7 29 21 39 48.840  2.47   1
       99  55.221415 -160.992627    13.398    18801.8    -5035.0   -10553.5     11.3     16.8     17.2 2021  7 29 22  2 21.840  1.50   1
