       10  55.274190 -160.920508    45.379    21445.2     2610.6    18629.9     36.1     49.9     49.1 2021  7 29  9 23 23.360  2.00   1
       18  55.319267 -160.949821    50.398    19570.6     7628.8    23649.2     27.9     38.9     32.4 2021  7 29  9 54 13.120  2.79   1
       23  55.185307 -161.501090    13.769   -15482.6    -7284.6   -12979.7     12.2     19.7     19.8 2021  7 29 10 16 29.700  2.00   1
       24  55.208634 -161.337939    19.907    -5097.2    -4687.6    -6841.7     23.4     27.8     35.8 2021  7 29 10 17 53.610  1.85   1
       28  55.187679 -160.814274    45.050    28229.6    -7020.5    18301.3     48.0     73.6     69.1 2021  7 29 10 27 25.940  2.13   1
       35  55.184595 -161.618913    18.723   -22981.7    -7363.8    -8025.8     19.9     42.5     10.9 2021  7 29 11  5 32.530  2.04   1
       45  55.163147 -161.289079    23.873    -1989.5    -9751.6    -2875.8     24.2     84.6     39.4 2021  7 29 12 28 53.930  2.27   1
       47  55.273637 -161.370703    24.680    -7176.1     2549.0    -2068.1     43.1     37.5     51.8 2021  7 29 12 43 18.290  2.59   1
       51  55.253507 -160.923796    30.461    21241.7      308.0     3712.8     21.7     34.0     53.4 2021  7 29 13 30 55.530  1.81   1
       54  55.387008 -161.702458    31.586   -28227.4    15170.3     4837.2     70.9    119.0     21.1 2021  7 29 14  8 22.190  1.68   1
        6  55.237138 -160.906445    32.273    22349.6    -1514.4     5524.5     19.8     49.1     42.6 2021  7 29  8 40 46.820  2.60   1
       60  55.237122 -161.031966    30.977    14365.9    -1516.2     4228.6     33.2     38.0     69.4 2021  7 29 14 53  3.610  1.69   1
       66  55.213383 -161.379932    23.258    -7768.6    -4158.9    -3491.1     34.3     46.4     44.3 2021  7 29 15 30 22.470  2.04   1
       68  55.245081 -160.908203    31.071    22235.6     -630.1     4322.5     19.2     67.2     44.7 2021  7 29 16  8 43.070  1.69   1
       73  55.245223 -161.716113    14.640   -29146.1     -614.3   -12108.8     34.6     23.3     30.8 2021  7 29 17  4  4.760  1.61   1
       75  55.226196 -161.387712    16.339    -8262.3    -2732.5   -10409.9     24.3     17.7     51.5 2021  7 29 17 23  0.700  1.81   1
       79  55.385474 -161.717204    34.875   -29164.1    14999.5     8126.2     87.0    124.8     20.5 2021  7 29 18 14 37.800  2.02   1
        8  55.193571 -161.270540    32.861     -809.0    -6364.5     6112.6     47.1    133.2     67.9 2021  7 29  9  8 22.760  2.15   1
       80  55.219727 -160.886800    44.070    23604.3    -3452.7    17321.0     43.5     68.3     61.8 2021  7 29 18 38 12.280  1.91   1
       85  55.272469 -160.887158    32.153    23565.9     2419.0     5404.0     17.4     40.0     39.0 2021  7 29 19 53 30.760  1.84   1
       87  55.246232 -161.626872    12.990   -23470.2     -501.9   -13758.7     28.4     24.4     32.0 2021  7 29 20 23 39.340  1.82   1
        9  55.327791 -160.952458    35.479    19401.0     8577.9     8730.6     22.6    138.8     50.6 2021  7 29  9 17 38.270  2.26   1
       93  55.240206 -160.854492    32.205    25653.1    -1172.8     5455.9     12.8     19.5     27.9 2021  7 29 21 18 24.240  2.15   1
       97  55.261190 -160.871973    37.133    24534.9     1163.3    10384.4     21.1     54.8     36.4 2021  7 29 22 56 35.000  2.01   1
