      100  55.249792 -160.732210    47.700    35488.6    -1590.0    23823.0    317.1    615.2    470.5 2021  7 29 22 18 58.040  2.75   1
      101  55.247811 -160.540885    22.557    47655.0    -1810.6    -1319.6    307.2    565.9    337.9 2021  7 29 22 56 32.960  2.08   1
      102  55.226416 -160.808610    28.860    30639.8    -4192.5     4983.1    199.7    357.2    657.4 2021  7 29 23 38 45.800  2.26   1
       11  55.128263 -161.005534    10.215    18137.2   -15119.6   -13661.3    206.3    286.5    599.9 2021  7 29  9  8 20.830  2.02   1
       12  55.416728 -161.635303    43.764   -21887.7    16994.5    19887.4    724.1    773.5    446.5 2021  7 29  9 17 41.290  2.17   1
       13  55.276530 -160.917757    40.884    23682.9     1386.6    17007.8    203.2    382.0    307.0 2021  7 29  9 23 23.940  2.00   1
       16  55.086678 -161.769515    12.946   -30529.5   -19749.2   -10930.3    298.3    269.0    308.4 2021  7 29  9 36  1.700  1.94   1
       17  55.040804 -161.634782     8.312   -21957.7   -24856.2   -15564.7    534.1    364.4   1164.1 2021  7 29  9 38  8.580  2.01   1
       18  55.092818 -161.475423    19.765   -11790.9   -19065.6    -4111.2    339.0    469.7    388.5 2021  7 29  9 43 51.910  1.37   1
       19  55.302026 -161.133187    12.337     9986.4     4225.1   -11539.7    111.2    228.3    343.7 2021  7 29  9 45 16.910  1.99   1
        2  55.406966 -161.870996    51.621   -36847.1    15907.8    27744.7   1383.4    631.6    478.8 2021  7 29  8  3 27.490  2.55   1
       20  55.267391 -161.239079    18.827     3259.2      369.2    -5049.9    135.5    199.7    293.7 2021  7 29  9 52 54.570  2.17   1
       21  55.320886 -160.993245    44.247    18874.1     6324.7    20370.8    211.2    529.1    275.3 2021  7 29  9 54 14.170  2.82   1
       23  55.093119 -161.412402    18.653    -7775.9   -19032.1    -5223.9    193.7    170.9    313.3 2021  7 29 10  2 12.840  1.76   1
       27  55.193079 -161.567969    14.948   -17664.7    -7903.8    -8928.3    285.7    311.1    378.5 2021  7 29 10 16 30.030  1.67   1
        3  55.078931 -161.146712    18.194     9152.5   -20611.7    -5682.3    275.2    366.4    641.0 2021  7 29  8  9 30.410  2.36   1
       30  55.336503 -161.496973    21.762   -13123.7     8063.3    -2114.5     79.8    168.4    105.0 2021  7 29 10 22 54.430  1.35   1
       32  55.279187 -161.203516    45.634     5519.1     1682.4    21757.8    380.9    530.6    425.5 2021  7 29 10 27 29.660  2.09   1
       33  55.292859 -160.721191    44.905    36169.7     3204.5    21028.7    166.7    434.5    239.3 2021  7 29 10 38 28.640  1.81   1
       34  55.331970 -161.469271    19.505   -11364.9     7558.6    -4371.8    142.2    229.5    225.0 2021  7 29 10 42 51.750  1.23   1
       36  55.269442 -161.570524    19.658   -17810.3      597.5    -4218.6    232.0    244.2    222.1 2021  7 29 10 54 37.910  1.33   1
       37  55.579944 -161.260758     8.384     1873.6    35165.0   -15492.3    610.7    842.5   2144.4 2021  7 29 10 59  3.200  1.65   1
       38  55.191854 -161.622217    17.189   -21116.8    -8040.2    -6687.3    315.9    348.2    374.9 2021  7 29 11  5 32.510  1.95   1
       42  55.275614 -161.438021    26.714    -9386.6     1284.7     2836.9    311.8    361.1    517.7 2021  7 29 11 29 54.530  1.78   1
       43  55.241223 -160.907796    35.983    24326.8    -2544.0    12106.9    173.3    231.8    319.4 2021  7 29 11 42  0.840  1.80   1
       44  55.282503 -161.642790    19.930   -22400.4     2051.6    -3946.1    302.9    249.9    302.9 2021  7 29 11 48 29.030  1.47   1
       46  55.260986 -161.385482    26.854    -6048.1     -343.8     2977.8    136.8    135.5    367.4 2021  7 29 12 18 30.140  1.54   1
       47  55.401444 -161.563314    15.184   -17323.2    15293.1    -8693.0    235.9    477.5    225.7 2021  7 29 12 24  8.920  1.14   1
       48  55.161938 -161.235352    29.970     3500.8   -11370.6     6093.5    252.2    372.8    473.5 2021  7 29 12 28 53.580  2.15   1
       49  55.299723 -161.662744    29.931   -23663.6     3968.7     6054.6    395.3    603.0    325.8 2021  7 29 12 32 47.300  1.97   1
        5  55.207898 -161.247184    15.114     2746.0    -6254.0    -8762.8    172.5    349.3    688.8 2021  7 29  8 16 23.540  2.56   1
       50  55.275411 -161.368408    19.097    -4961.8     1262.0    -4779.3    135.5    185.4    204.1 2021  7 29 12 43 18.560  2.46   1
       52  55.451860 -162.113802    31.914   -52225.8    20905.6     8037.7    250.8    236.1    194.0 2021  7 29 13  3 42.370  1.17   1
       53  55.258891 -161.245915    31.267     2824.9     -577.1     7390.3    247.0    221.5    330.7 2021  7 29 13 15 20.440  1.95   1
       54  55.293412 -160.854574    27.638    27693.1     3266.1     3761.5    112.5    189.0    420.4 2021  7 29 13 18 28.970  2.32   1
       55  55.257670 -160.973421    14.926    20149.5     -713.0    -8950.7    203.0    363.6   1039.8 2021  7 29 13 30 56.500  1.84   1
       56  55.255469 -161.179053    33.388     7076.1     -958.1     9510.9    213.0    317.2    324.1 2021  7 29 13 48 44.780  1.70   1
       58  55.342114 -161.539518    37.743   -15824.9     8688.0    13866.3    322.9    347.5    217.0 2021  7 29 14  8 21.160  1.59   1
       59  55.221493 -160.992594    10.561    18939.1    -4740.6   -13315.8    175.5    436.8    586.4 2021  7 29 14 16 32.490  1.72   1
       61  55.452645 -162.186410    30.855   -56830.2    20993.1     6978.4    219.0    238.6    207.7 2021  7 29 14 48  6.290  1.42   1
       62  55.302885 -161.494271    17.775   -12957.6     4320.7    -6101.8    157.4    447.9    188.5 2021  7 29 14 49 59.930  1.47   1
       63  55.216345 -161.053125    18.316    15089.9    -5313.6    -5560.5    174.6    241.7    400.9 2021  7 29 14 53  4.320  1.73   1
       64  55.291203 -161.500814    19.798   -13375.3     3020.1    -4078.4    266.6    415.1    338.3 2021  7 29 14 57  3.050  0.76   1
       65  55.489026 -161.182601     1.689     6830.5    25043.3   -22187.4    519.5    763.6    591.6 2021  7 29 14 58 35.280  1.55   1
       67  55.160331 -160.898405    15.059    24949.2   -11549.5    -8817.5    243.1    402.4    249.4 2021  7 29 15 13 48.750  1.96   1
       68  55.216207 -161.366097    18.151    -4818.4    -5329.0    -5725.1    131.2    171.4    233.6 2021  7 29 15 30 22.130  1.72   1
        7  55.287467 -161.792773    14.135   -31931.1     2604.3    -9741.4    383.1    288.4    283.4 2021  7 29  8 26  7.830  2.60   1
       70  55.241248 -160.960531    17.423    20973.3    -2541.3    -6454.0    232.2    491.3    507.5 2021  7 29 16  8 44.040  1.57   1
       71  55.298010 -160.861442    47.357    27255.1     3778.0    23480.6    135.1    355.1    193.0 2021  7 29 16  9 42.410  3.21   1
       72  55.232198 -161.226367    17.442     4069.1    -3548.8    -6434.6    128.1    190.1    376.3 2021  7 29 16 38 32.810  1.61   1
       74  55.244670 -161.724430    15.158   -27602.4    -2160.3    -8718.8    317.6    207.9    280.5 2021  7 29 17  4  4.600  1.53   1
       76  55.211251 -161.335042    17.045    -2843.2    -5880.8    -6831.8     80.0    242.1    248.4 2021  7 29 17 23  0.060  1.54   1
       78  55.251265 -161.661084    24.954   -23572.4    -1426.0     1077.8    468.7    362.2    295.3 2021  7 29 17 33 12.240  1.41   1
       79  55.472270 -161.121973    48.054    10676.1    23177.9    24177.1    450.8    542.1    513.1 2021  7 29 17 34 11.180  1.78   1
        8  55.273568 -160.975993    38.112    19982.0     1056.8    14235.8    192.4    400.5    298.9 2021  7 29  8 40 47.700  2.67   1
       80  55.263920 -160.754867    46.081    34042.0      -17.2    22204.1    190.5    344.8    284.2 2021  7 29 17 52 11.180  1.70   1
       81  55.226575 -161.622738     9.922   -21140.8    -4174.8   -13954.7    294.9    281.6    376.9 2021  7 29 18 14 38.880  1.52   1
       82  55.112264 -161.379622    12.426    -5686.2   -16900.7   -11450.5    131.8    107.6    231.2 2021  7 29 18 17 44.700  1.04   1
       83  55.208964 -161.124593    24.292    10544.8    -6135.3      415.7    195.6    270.3    208.9 2021  7 29 18 38 15.160  1.74   1
       84  55.272493 -161.533805    21.344   -15475.5      937.2    -2532.9    260.0    282.5    324.4 2021  7 29 18 46 55.960  1.53   1
       86  55.254594 -161.315560    13.843    -1603.0    -1055.5   -10033.8    113.6    190.4    251.2 2021  7 29 19 12  8.160  2.05   1
       87  55.422811 -161.142611    30.696     9373.4    17671.7     6819.4    365.2    608.1    739.6 2021  7 29 19 30 33.980  1.71   1
       89  55.322351 -161.178369    38.452     7113.6     6487.8    14575.8    187.7    574.0    269.7 2021  7 29 20 21 47.640  1.73   1
        9  55.086410 -161.609635    14.683   -20343.1   -19779.1    -9194.0    387.2    199.2    435.1 2021  7 29  8 55 58.240  2.15   1
       90  55.275167 -161.668392    13.856   -24029.9     1234.9   -10020.2    230.1    208.9    293.5 2021  7 29 20 23 39.660  1.71   1
       91  55.250045 -161.033317    29.733    16343.0    -1561.9     5856.5    178.1    273.2    416.2 2021  7 29 20 25 41.800  1.56   1
       92  55.249231 -161.288151    13.885      139.7    -1652.5    -9991.4    134.7    180.4    169.7 2021  7 29 20 31  9.580  2.67   1
       93  55.202787 -160.829574    15.174    29315.1    -6823.0    -8702.2    248.3    414.2    358.5 2021  7 29 20 33 15.900  3.52   1
       94  55.191361 -161.876742    11.404   -37312.5    -8095.0   -12472.5    904.9    376.9    298.4 2021  7 29 20 42 35.880  0.97   1
       95  55.206425 -161.352718    13.080    -3967.9    -6418.0   -10796.6    248.7    337.0    269.3 2021  7 29 21  0 34.080  3.02   1
       96  55.419698 -160.813672    16.522    30244.4    17325.2    -7354.8    352.5    865.4    340.3 2021  7 29 21  8 26.080  2.01   1
       97  55.236353 -160.893213    31.645    25255.7    -3086.2     7768.7    129.8    257.2    323.3 2021  7 29 21 18 25.160  2.09   1
       98  55.244690 -161.178158    15.724     7134.0    -2158.1    -8152.5    100.8    174.1    480.3 2021  7 29 21 39 49.160  2.47   1
       99  55.257735 -160.970540    23.823    20332.6     -705.8      -54.1    127.4    187.5    126.9 2021  7 29 22  2 22.060  1.50   1
