      100  55.250273 -160.732438    47.668    35473.9    -1536.6    23791.7     33.1     73.7     49.5 2021  7 29 22 18 58.040  2.75   1
      102  55.226257 -160.808545    28.906    30644.0    -4210.1     5029.1     19.8     34.2     65.9 2021  7 29 23 38 45.800  2.26   1
       11  55.128125 -161.005436    10.214    18143.4   -15135.0   -13663.1     25.3     41.8     76.6 2021  7 29  9  8 20.830  2.02   1
       13  55.276396 -160.917692    40.894    23687.0     1371.7    17017.4     11.6     24.7     16.2 2021  7 29  9 23 23.940  2.00   1
       18  55.092696 -161.475358    19.774   -11786.8   -19079.2    -4102.3     11.0     12.3     14.0 2021  7 29  9 43 51.910  1.37   1
       19  55.302059 -161.133203    12.341     9985.4     4228.7   -11536.1     14.0     26.5      9.2 2021  7 29  9 45 16.910  1.99   1
       20  55.267395 -161.239095    18.825     3258.2      369.6    -5051.3     12.2     23.6     23.1 2021  7 29  9 52 54.570  2.17   1
       21  55.320675 -160.993180    44.255    18878.3     6301.1    20378.7     14.2     49.6     18.7 2021  7 29  9 54 14.170  2.82   1
       23  55.093103 -161.412386    18.655    -7774.9   -19033.9    -5221.6      9.1     10.3     14.0 2021  7 29 10  2 12.840  1.76   1
       27  55.193140 -161.568034    14.936   -17668.9    -7897.0    -8940.2     13.7     14.7     22.2 2021  7 29 10 16 30.030  1.67   1
       30  55.336491 -161.496973    21.761   -13123.7     8061.9    -2115.3     15.0     22.0     22.2 2021  7 29 10 22 54.430  1.35   1
       32  55.279431 -161.203776    45.613     5502.6     1709.6    21736.8     18.6     23.5     22.5 2021  7 29 10 27 29.660  2.09   1
       33  55.292729 -160.721143    44.912    36172.9     3190.0    21035.4     14.2     36.7     21.9 2021  7 29 10 38 28.640  1.81   1
       34  55.332064 -161.469303    19.503   -11366.9     7569.1    -4373.7     10.8     41.1     18.7 2021  7 29 10 42 51.750  1.23   1
       36  55.269413 -161.570410    19.665   -17803.1      594.3    -4211.3     20.4     18.7     21.7 2021  7 29 10 54 37.910  1.33   1
       38  55.191951 -161.622347    17.181   -21125.1    -8029.3    -6695.6     15.1     14.4     17.5 2021  7 29 11  5 32.510  1.95   1
       42  55.275810 -161.438281    26.667    -9403.1     1306.4     2790.6     39.2     47.5     71.5 2021  7 29 11 29 54.530  1.78   1
       43  55.241219 -160.907780    35.985    24327.8    -2544.5    12108.8     14.7     25.1     25.8 2021  7 29 11 42  0.840  1.80   1
       44  55.282454 -161.642676    19.937   -22393.2     2046.2    -3939.2     15.7     12.2     14.8 2021  7 29 11 48 29.030  1.47   1
       46  55.260897 -161.385352    26.876    -6039.8     -353.8     2999.8     37.2     45.5     74.3 2021  7 29 12 18 30.140  1.54   1
       49  55.299882 -161.662809    29.925   -23667.7     3986.3     6048.4     33.6     56.9     27.4 2021  7 29 12 32 47.300  1.97   1
        5  55.207918 -161.247152    15.147     2748.1    -6251.8    -8729.6     12.4     18.8     47.0 2021  7 29  8 16 23.540  2.56   1
       50  55.275435 -161.368441    19.092    -4963.8     1264.8    -4784.4     11.3     27.5     19.2 2021  7 29 12 43 18.560  2.46   1
       52  55.451884 -162.113867    31.916   -52229.9    20908.4     8039.6     23.2     21.8     17.9 2021  7 29 13  3 42.370  1.17   1
       53  55.258907 -161.246012    31.254     2818.7     -575.3     7377.2     30.7     48.9     48.8 2021  7 29 13 15 20.440  1.95   1
       54  55.293449 -160.854622    27.605    27690.0     3270.2     3728.1     19.7     18.0     72.1 2021  7 29 13 18 28.970  2.32   1
       55  55.257727 -160.973470    14.828    20146.4     -706.7    -9048.6     12.4     28.4     75.5 2021  7 29 13 30 56.500  1.84   1
       56  55.255343 -161.178923    33.406     7084.4     -972.1     9529.5     30.6     50.8     47.7 2021  7 29 13 48 44.780  1.70   1
       59  55.221517 -160.992529    10.576    18943.2    -4737.9   -13301.0     20.8     32.2     30.6 2021  7 29 14 16 32.490  1.72   1
       61  55.452616 -162.186361    30.853   -56827.1    20989.9     6976.2     20.2     22.1     19.2 2021  7 29 14 48  6.290  1.42   1
       62  55.302783 -161.494255    17.777   -12956.6     4309.3    -6099.5     11.0     19.3     15.9 2021  7 29 14 49 59.930  1.47   1
       63  55.216260 -161.053092    18.331    15092.0    -5323.1    -5546.0      9.0     36.6     22.6 2021  7 29 14 53  4.320  1.73   1
       64  55.291117 -161.500700    19.809   -13368.1     3010.6    -4067.6     13.4     20.5     15.2 2021  7 29 14 57  3.050  0.76   1
       67  55.160421 -160.898454    15.064    24946.1   -11539.6    -8812.4      9.8     18.8      7.6 2021  7 29 15 13 48.750  1.96   1
       68  55.216178 -161.366064    18.154    -4816.4    -5332.2    -5722.2      8.6     13.4     15.3 2021  7 29 15 30 22.130  1.72   1
        7  55.287520 -161.792920    14.137   -31940.4     2610.1    -9739.6     29.1     19.9     14.5 2021  7 29  8 26  7.830  2.60   1
       70  55.241431 -160.960612    17.436    20968.1    -2520.9    -6440.8     11.6     33.4     29.2 2021  7 29 16  8 44.040  1.57   1
       71  55.297965 -160.861442    47.358    27255.1     3773.0    23481.5     10.5     31.7     15.8 2021  7 29 16  9 42.410  3.21   1
       72  55.232235 -161.226416    17.425     4066.0    -3544.7    -6451.7     17.1     24.8     40.6 2021  7 29 16 38 32.810  1.61   1
       74  55.244641 -161.724251    15.166   -27591.0    -2163.5    -8711.1     16.7     17.3     13.1 2021  7 29 17  4  4.600  1.53   1
       76  55.211235 -161.335059    17.040    -2844.2    -5882.6    -6836.3      7.4     16.4      8.8 2021  7 29 17 23  0.060  1.54   1
       78  55.251278 -161.661410    24.945   -23593.1    -1424.7     1068.4     30.7     37.3     24.6 2021  7 29 17 33 12.240  1.41   1
        8  55.273446 -160.975944    38.121    19985.1     1043.2    14243.9     11.2     30.8     18.1 2021  7 29  8 40 47.700  2.67   1
       80  55.263814 -160.754801    46.090    34046.2      -29.0    22213.2     11.1     30.0     16.5 2021  7 29 17 52 11.180  1.70   1
       81  55.226518 -161.622607     9.938   -21132.5    -4181.1   -13938.8     18.6     18.6     22.5 2021  7 29 18 14 38.880  1.52   1
       82  55.112244 -161.379590    12.425    -5684.1   -16903.0   -11452.0     16.3     15.9     23.1 2021  7 29 18 17 44.700  1.04   1
       83  55.208895 -161.124577    24.290    10545.8    -6143.0      413.9     15.0     38.3     17.0 2021  7 29 18 38 15.160  1.74   1
       84  55.272461 -161.533740    21.350   -15471.4      933.6    -2527.0     20.4     18.1     21.9 2021  7 29 18 46 55.960  1.53   1
       86  55.254618 -161.315560    13.846    -1603.0    -1052.8   -10030.9     12.3     13.1      9.7 2021  7 29 19 12  8.160  2.05   1
       89  55.322489 -161.178402    38.450     7111.5     6503.2    14573.7     12.1     29.2     18.1 2021  7 29 20 21 47.640  1.73   1
       90  55.275134 -161.668343    13.862   -24026.8     1231.2   -10014.5     13.5      8.3     11.4 2021  7 29 20 23 39.660  1.71   1
       91  55.250008 -161.033252    29.756    16347.2    -1566.0     5879.3     20.3     14.7     55.9 2021  7 29 20 25 41.800  1.56   1
       92  55.249239 -161.288135    13.884      140.7    -1651.6    -9992.2      5.0     12.1      8.7 2021  7 29 20 31  9.580  2.67   1
       93  55.202893 -160.829639    15.185    29310.9    -6811.2    -8691.8      8.6     24.9     25.6 2021  7 29 20 33 15.900  3.52   1
       95  55.206360 -161.352637    13.086    -3962.7    -6425.3   -10790.5      9.4     18.1     24.1 2021  7 29 21  0 34.080  3.02   1
       97  55.236450 -160.893245    31.637    25253.6    -3075.4     7760.8     14.8     35.7     34.6 2021  7 29 21 18 25.160  2.09   1
       98  55.244674 -161.178125    15.752     7136.1    -2159.9    -8124.2     13.6     19.7     52.4 2021  7 29 21 39 49.160  2.47   1
       99  55.257670 -160.970540    23.822    20332.6     -713.0      -54.5     12.5     39.0     14.0 2021  7 29 22  2 22.060  1.50   1
