      100  55.215983 -160.814665    31.683    36214.5    -7982.7     8244.5    150.0    235.6    406.3 2021  7 29 22 18 57.880  2.75   1
      101  55.408256 -161.045475     6.703    21484.9    13422.7   -16735.2    340.0    543.1   2710.0 2021  7 29 22 56 36.400  2.08   1
      102  55.362480 -161.153662    40.454    14630.1     8326.5    17016.4    354.5    802.0    453.9 2021  7 29 23 38 47.680  2.26   1
       11  55.198747 -161.297152     7.209     5533.4    -9901.6   -16229.4    196.7    281.2    780.1 2021  7 29  9  8 23.290  2.02   1
       12  55.308525 -161.126090    44.200    16391.3     2319.8    20762.2    280.5    617.7    312.3 2021  7 29  9 17 38.640  2.17   1
       13  55.231156 -161.004264    29.815    24152.9    -6293.5     6377.3    218.2    428.2    554.5 2021  7 29  9 23 24.160  2.00   1
       15  55.378052 -161.486800    17.000    -6514.6    10060.1    -6437.6    254.1    726.5    334.2 2021  7 29  9 28 56.060  2.75   1
       16  55.078353 -161.819629    10.238   -27740.9   -23304.8   -13199.9    887.1    478.3    428.4 2021  7 29  9 36  1.500  1.94   1
       17  55.038993 -161.623682     7.724   -15266.2   -27686.6   -15714.5    486.0    342.6   1316.8 2021  7 29  9 38  7.800  2.01   1
       18  55.118229 -161.565023    21.365   -11516.3   -18865.4    -2072.9    580.5    632.7    522.3 2021  7 29  9 43 51.780  1.37   1
       19  55.310714 -161.178320    20.898    13073.4     2563.5    -2540.3    235.6    775.3    357.8 2021  7 29  9 45 16.630  1.99   1
        2  55.407756 -161.783903    58.854   -25360.2    13367.0    35415.8   1209.3    881.6    238.7 2021  7 29  8  3 25.790  2.55   1
       20  55.273958 -161.333285    23.161     3232.1    -1528.4     -277.0    209.3    490.1    346.4 2021  7 29  9 52 54.500  2.17   1
       21  55.467257 -161.860465     4.006   -30194.6    19991.1   -19432.3    518.0    315.7   1158.7 2021  7 29  9 54 20.530  2.82   1
       23  55.169861 -161.861003     8.074   -30341.7   -13117.4   -15363.7   1021.7    474.9    418.3 2021  7 29 10  2 16.470  1.76   1
       24  55.284786 -161.775798    21.588   -24884.3     -323.0    -1849.7   1375.0    679.5    802.0 2021  7 29 10  5 44.400  1.54   1
       25  55.324646 -161.691243     1.158   -19502.3     4114.6   -22280.3    947.0   1041.1   1102.5 2021  7 29 10  6 28.060  1.00   1
       26  55.405420 -161.793538    44.186   -25972.2    13107.0    20748.1    314.6    420.6    262.1 2021  7 29 10 13 56.570  1.67   1
       27  55.192257 -161.507796    10.123    -7865.4   -10624.1   -13315.2    208.5    355.5    307.3 2021  7 29 10 16 28.890  1.67   1
       28  55.385421 -161.251074    27.129     8444.4    10880.5     3691.4    235.9   1124.6    558.7 2021  7 29 10 17 52.700  1.83   1
       30  55.342419 -161.600439    21.632   -13732.7     6093.2    -1806.1    325.4    353.3    263.1 2021  7 29 10 22 54.390  1.35   1
       32  55.206295 -160.971338    41.395    26254.5    -9061.3    17956.6    311.5    414.0    464.0 2021  7 29 10 27 26.800  2.09   1
       33  55.283577 -160.838932    43.000    34641.9     -457.5    19561.7    205.5    537.1    311.5 2021  7 29 10 38 28.730  1.81   1
       36  55.346037 -161.312581     9.478     4543.6     6496.0   -13960.1    508.8    659.3   1409.3 2021  7 29 10 54 34.370  1.33   1
       38  55.194352 -161.641569    17.988   -16374.4   -10390.8    -5450.2    471.8    407.0    562.3 2021  7 29 11  5 31.960  1.95   1
       43  55.238171 -161.016178    34.393    23393.4    -5512.5    10955.4    109.4    182.5    178.5 2021  7 29 11 42  0.850  1.80   1
       44  55.279765 -161.367952    27.704     1029.0     -882.0     4265.5    169.5    478.8    412.9 2021  7 29 11 48 26.230  1.47   1
       46  55.266504 -161.567139    23.635   -11629.4    -2358.3      196.5    194.6    183.9    240.3 2021  7 29 12 18 30.700  1.54   1
       47  55.475960 -161.792220    11.808   -25865.6    20960.1   -11630.4    425.2    240.9    169.3 2021  7 29 12 24  9.000  1.14   1
        5  55.285555 -161.383480    24.569       42.4     -237.4     1130.9    142.0    422.1    246.7 2021  7 29  8 16 24.020  2.56   1
       50  55.352185 -161.492301    19.713    -6866.0     7180.4    -3725.3    244.1    558.9    273.0 2021  7 29 12 43 19.170  2.46   1
       52  55.452254 -162.095410    35.763   -45096.7    18320.9    12325.1    566.9    508.8    380.5 2021  7 29 13  3 41.270  1.17   1
       53  55.284721 -161.354460    30.831     1886.3     -330.2     7393.1    326.1    601.7    472.6 2021  7 29 13 15 20.560  1.95   1
       54  55.299654 -161.059326    31.331    20634.3     1332.3     7892.8    173.5    500.8    359.1 2021  7 29 13 18 29.660  2.32   1
       56  55.256694 -161.250439    30.978     8498.4    -3450.5     7539.7    217.0    372.3    270.2 2021  7 29 13 48 44.600  1.70   1
       58  55.387516 -161.703499    31.103   -20264.6    11113.8     7664.8    423.2    437.4    269.4 2021  7 29 14  8 21.740  1.59   1
       59  55.362862 -161.489827     8.092    -6708.1     8369.1   -15345.8    288.2    456.8    727.9 2021  7 29 14 16 37.430  1.72   1
        6  55.337577 -161.957520    15.149   -36406.3     5554.2    -8289.5    445.8    876.8    312.2 2021  7 29  8 17 50.810  2.28   1
       61  55.445451 -162.197135    29.686   -51550.8    17563.5     6247.7    433.3    494.5    437.7 2021  7 29 14 48  5.640  1.42   1
       62  55.327629 -161.553337    18.236   -10744.0     4446.6    -5202.1    190.1    523.6    218.1 2021  7 29 14 49 59.780  1.47   1
       63  55.243628 -161.152686    22.944    14714.0    -4905.0     -493.8    184.2    272.0    339.7 2021  7 29 14 53  4.350  1.73   1
       64  55.315967 -161.695492    24.246   -19774.2     3148.3      807.6    450.3    611.1    398.6 2021  7 29 14 57  3.570  0.76   1
       67  55.183870 -160.988916    20.659    25143.6   -11557.7    -2779.2    282.9    448.2    307.6 2021  7 29 15 13 48.740  1.96   1
       68  55.235270 -161.465609    21.038    -5179.1    -5835.5    -2400.5    268.0    412.3    361.6 2021  7 29 15 30 22.050  1.72   1
        7  55.231234 -161.097819    18.301    18204.7    -6284.9    -5137.4    280.2    495.6    730.8 2021  7 29  8 26  1.170  2.60   1
       70  55.242961 -161.021208     5.842    23072.2    -4979.3   -17595.8    112.2    629.5    155.4 2021  7 29 16  8 43.450  1.57   1
       71  55.220675 -160.928174    35.047    28994.5    -7460.4    11609.4    160.5    361.1    299.4 2021  7 29 16  9 42.490  3.21   1
       74  55.244743 -161.724495    14.709   -21635.6    -4780.9    -8729.1    347.2    454.8    296.8 2021  7 29 17  4  4.000  1.53   1
       76  55.232674 -161.451937    10.983    -4310.0    -6124.5   -12454.6    210.7    288.6    370.4 2021  7 29 17 23  0.520  1.54   1
       78  55.220500 -161.156966    23.088    14446.1    -7479.9     -350.3    225.7    577.4    286.5 2021  7 29 17 33  7.320  1.41   1
       79  55.486882 -161.159489    40.362    14237.9    22175.9    16924.4    317.2    470.9    401.9 2021  7 29 17 34 11.240  1.78   1
        8  55.264787 -160.757161    45.376    39846.9    -2549.5    21938.2    175.0    657.2    249.1 2021  7 29  8 40 44.890  2.67   1
       80  55.262077 -160.846956    45.136    34141.3    -2851.2    21698.3    228.0    524.9    330.5 2021  7 29 17 52 11.020  1.70   1
       81  55.343400 -161.738770     2.458   -22515.1     6202.4   -20979.9    131.3    491.2    398.9 2021  7 29 18 14 40.560  1.52   1
       82  55.141947 -161.684033    14.268   -19088.0   -16224.9    -9170.0    541.5    399.3    600.3 2021  7 29 18 17 46.980  1.04   1
       83  55.429533 -161.150765    19.476    14801.5    15791.4    -3961.7    507.4    857.6   1042.5 2021  7 29 18 38 15.380  1.74   1
       84  55.258419 -161.225863    32.111    10060.3    -3258.4     8672.8    285.7    355.3    466.4 2021  7 29 18 46 52.500  1.53   1
       86  55.261784 -161.383691    10.977       29.0    -2883.8   -12461.1    208.8    421.6    583.8 2021  7 29 19 12  8.140  2.05   1
       87  55.418624 -161.239404    35.266     9181.1    14576.9    11827.9    616.6    901.9    880.6 2021  7 29 19 30 33.600  1.71   1
       88  55.275875 -161.019710    29.476    23157.9    -1315.0     6038.0    103.7    395.4    203.9 2021  7 29 19 53 31.600  1.84   1
       89  55.364994 -161.475163    33.538    -5777.1     8606.5    10100.2    301.6    167.4    334.1 2021  7 29 20 21 49.360  1.73   1
        9  55.113017 -161.661507    14.730   -17660.6   -19445.7    -8708.5    269.3    153.5    283.8 2021  7 29  8 55 58.170  2.15   1
       90  55.372847 -161.812630     6.016   -27194.5     9480.7   -17421.9    523.2    294.5    631.8 2021  7 29 20 23 41.160  1.71   1
       91  55.257019 -161.145964    28.160    15138.8    -3414.2     4722.1    143.1    414.0    377.3 2021  7 29 20 25 41.960  1.56   1
       93  55.213660 -160.918604    21.908    29605.7    -8241.3    -1530.2    260.5    436.1    284.3 2021  7 29 20 33 15.900  3.52   1
       94  55.133122 -161.739697    20.008   -22633.6   -17207.5    -3430.5    805.9    359.1    387.8 2021  7 29 20 42 33.840  0.97   1
       95  55.213652 -161.353646    17.982     1939.7    -8242.2    -5455.9    261.7    256.3    483.8 2021  7 29 21  0 33.340  3.02   1
       96  55.332320 -160.876790    32.024    32216.8     4968.9     8586.2    133.6    624.1    309.4 2021  7 29 21  8 25.640  2.01   1
       97  55.249259 -160.994531    30.612    24766.1    -4278.1     7173.6    130.2    287.0    295.3 2021  7 29 21 18 25.120  2.09   1
       98  55.258541 -161.240788    26.257     9111.6    -3244.8     2819.4     82.7    391.5    273.9 2021  7 29 21 39 48.820  2.47   1
       99  55.229586 -161.045296    41.051    21544.5    -6468.3    17613.3    172.6    411.2    281.4 2021  7 29 22  2 21.120  1.50   1
