      102  55.277502 -160.796175    45.195    28894.7     1207.2    14776.0     12.0     33.0     17.7 2021  7 29 23 38 44.800  2.24   1
       11  55.136121 -161.006771    40.727    15536.7   -14532.5    10308.2     11.0     15.4     16.1 2021  7 29  9  8 20.310  2.01   1
       12  55.306628 -160.983105    47.361    17007.2     4449.8    16941.5     12.5     44.2     13.8 2021  7 29  9 17 38.010  2.11   1
       13  55.261947 -160.848975    44.884    25543.7     -524.6    14465.2     10.1     34.2     15.3 2021  7 29  9 23 22.880  1.95   1
       15  55.273987 -161.312419    23.360    -3917.8      815.8    -7058.7     21.4     21.3     13.0 2021  7 29  9 28 54.540  2.50   1
       18  55.085396 -161.641504    17.543   -24894.0   -20179.5   -12876.0     27.2     38.4     27.3 2021  7 29  9 43 53.380  1.37   1
        2  55.410343 -161.841048    54.226   -37454.7    15996.1    23806.6    110.9     33.7     14.8 2021  7 29  8  3 26.930  2.54   1
       20  55.284778 -161.255208    30.965     -281.4     2017.2      546.4     13.9     25.4     22.5 2021  7 29  9 52 54.070  2.17   1
       21  55.317159 -160.952653    49.085    18939.5     5622.1    18665.7     12.5     45.4     13.7 2021  7 29  9 54 13.220  2.82   1
       23  55.079207 -161.381006    22.020    -8297.6   -20868.5    -8399.1     28.7     35.6     38.2 2021  7 29 10  2 12.400  1.73   1
       26  55.398206 -161.697607    51.324   -28357.2    14644.8    20905.2     25.3     41.1     15.5 2021  7 29 10 13 56.110  1.67   1
       27  55.185254 -161.498747    13.310   -15778.9    -9062.6   -17108.9     13.1     14.0     17.9 2021  7 29 10 16 29.700  1.67   1
       28  55.210160 -161.364160    12.867    -7212.4    -6289.8   -17551.7     13.5     14.3     13.0 2021  7 29 10 17 54.180  1.84   1
       32  55.188082 -160.814388    45.034    27768.1    -8747.8    14614.9     12.2     50.8     18.2 2021  7 29 10 27 25.940  2.09   1
       33  55.285246 -160.696989    48.511    35195.5     2069.3    18091.6     12.7     36.0     18.5 2021  7 29 10 38 27.890  1.81   1
       36  55.345020 -161.289062    32.363    -2431.1     8723.8     1944.1     19.8     21.3     29.8 2021  7 29 10 54 34.540  1.33   1
       38  55.225391 -161.022835    40.855    14497.7    -4594.3    10436.0     12.3     19.5     16.6 2021  7 29 11  5 26.420  2.03   1
       44  55.287878 -161.695280    19.806   -28248.6     2362.4   -10612.9     23.7     21.6     17.2 2021  7 29 11 48 29.390  1.37   1
       46  55.265255 -161.454297    28.348   -12937.4     -156.3    -2070.9     29.2     18.8     39.5 2021  7 29 12 18 30.330  1.54   1
       48  55.204716 -160.940576    42.574    19734.6    -6895.9    12154.8      9.4     26.6     15.5 2021  7 29 12 28 50.210  2.15   1
        5  55.285710 -161.316292    31.703    -4163.4     2120.9     1283.6     19.8     22.7     25.3 2021  7 29  8 16 23.630  2.56   1
       50  55.273022 -161.376481    24.998    -7989.9      708.5    -5421.1     20.3     19.1     21.5 2021  7 29 12 43 18.300  2.46   1
       53  55.282983 -161.347575    33.519    -6151.8     1817.4     3099.6     22.6     42.8     28.2 2021  7 29 13 15 20.670  1.91   1
       54  55.297388 -160.954997    36.387    18795.3     3421.0     5967.7     20.0     34.2     33.8 2021  7 29 13 18 29.120  2.32   1
       55  55.260714 -160.865690    31.975    24481.5     -661.8     1556.2     11.2     34.9     26.1 2021  7 29 13 30 55.080  1.84   1
       56  55.252197 -161.141650    35.444     6938.5    -1609.9     5024.6     11.1     16.8     15.8 2021  7 29 13 48 44.030  1.67   1
       62  55.325321 -161.395361    39.658    -9184.0     6530.8     9238.8     25.3     40.9     23.6 2021  7 29 14 49 57.350  1.42   1
       63  55.233830 -161.034277    30.962    13768.5    -3654.8      542.6      6.6     20.5     13.5 2021  7 29 14 53  3.640  1.73   1
       64  55.289128 -161.505908    22.100   -16213.4     2501.4    -8318.6     36.4     67.9     39.9 2021  7 29 14 57  2.980  0.76   1
       68  55.204496 -161.337614    23.873    -5524.1    -6920.4    -6546.1     10.0     26.9     15.0 2021  7 29 15 30 21.950  1.69   1
        7  55.213326 -160.931348    29.932    20319.5    -5937.4     -486.7     18.1     40.8     38.9 2021  7 29  8 26  0.040  2.56   1
       71  55.248393 -160.890755    32.107    22891.5    -2033.5     1688.2     13.7     33.6     29.5 2021  7 29 16  8 42.960  1.54   1
       72  55.289075 -160.842855    52.854    25924.0     2495.5    22435.4     12.4     20.7     11.5 2021  7 29 16  9 41.510  3.21   1
       74  55.262451 -161.222526    32.926     1796.2     -468.4     2507.3      5.7      4.7     13.5 2021  7 29 17  0 24.120  1.96   1
       75  55.245223 -161.716390    14.481   -29606.0    -2386.4   -15937.8     19.3     20.4     17.4 2021  7 29 17  4  4.780  1.53   1
       77  55.214815 -161.336051    16.736    -5424.0    -5771.6   -13683.0      9.5     14.9     22.0 2021  7 29 17 23  0.200  1.59   1
       79  55.220459 -161.057292    32.301    12306.9    -5143.3     1882.0     10.7     23.0     21.0 2021  7 29 17 33  6.720  1.41   1
        8  55.268583 -160.799284    47.841    28700.3      214.3    17421.8      4.5      9.1      7.7 2021  7 29  8 40 45.560  2.67   1
       81  55.248153 -160.724170    47.485    33483.6    -2060.2    17065.8     13.5     27.1     19.3 2021  7 29 17 52 10.500  1.70   1
       82  55.221619 -161.588525     7.759   -21482.0    -5014.2   -22659.8     15.2     25.5     29.2 2021  7 29 18 14 39.000  1.34   1
       83  55.094478 -161.453158    20.681   -12892.5   -19168.4    -9737.8     29.0     34.9     36.8 2021  7 29 18 17 45.480  1.04   1
       84  55.211597 -161.144694    32.767     6748.5    -6129.9     2348.1     10.2     31.2     17.5 2021  7 29 18 38 14.600  1.74   1
       85  55.255782 -160.922233    41.131    20888.1    -1210.9    10711.9     10.6     17.9     15.9 2021  7 29 18 46 50.320  1.53   1
       86  55.286316 -161.335303    27.851    -5371.6     2188.4    -2568.2     12.8     21.3     20.4 2021  7 29 19 12  7.840  2.05   1
       88  55.272030 -160.883854    32.223    23323.4      598.0     1803.7     17.0     34.4     38.3 2021  7 29 19 53 30.760  1.75   1
        9  55.370483 -161.360368    44.418    -6957.2    11558.6    13999.1     28.1    273.4     24.8 2021  7 29  8 55 54.340  2.36   1
       90  55.276290 -161.666764    12.396   -26440.2     1072.2   -18022.8     16.6     20.3     17.7 2021  7 29 20 23 39.940  1.71   1
       91  55.253467 -161.377376    18.017    -8048.8    -1468.6   -12402.0      9.8     24.0      7.0 2021  7 29 20 25 45.000  1.56   1
       92  55.259806 -161.162354    31.100     5621.7     -762.8      680.9     12.3     28.9     21.8 2021  7 29 20 31  7.880  2.48   1
       94  55.133561 -161.739421    19.236   -31113.8   -14817.4   -11182.9     34.2     72.2     23.4 2021  7 29 20 42 34.660  0.97   1
       95  55.215442 -161.308919    16.265    -3698.1    -5701.8   -14153.9      7.9     13.2     13.2 2021  7 29 21  0 33.840  2.88   1
       96  55.283496 -160.760954    42.917    31131.0     1874.5    12498.1     15.1     39.9     21.8 2021  7 29 21  8 24.640  2.01   1
       98  55.251274 -161.126709    32.839     7888.6    -1712.8     2420.3     11.5     19.2     19.2 2021  7 29 21 39 48.080  2.59   1
