      100  55.215165 -160.636084    36.166    38558.1    -5719.0     8198.8    209.6    445.3    446.3 2021  7 29 22 18 57.320  2.75   1
      101  55.237752 -160.501286    26.731    47119.2    -3204.5    -1236.5    297.2    603.0   1802.3 2021  7 29 22 56 32.220  2.08   1
      102  55.282540 -160.758659    45.026    30735.2     1781.6    17058.7    136.5    351.7    204.7 2021  7 29 23 38 44.800  2.26   1
       11  55.130326 -160.966585    39.158    17553.7   -15164.0    11191.2    225.6    302.2    344.3 2021  7 29  9  8 20.350  2.02   1
       12  55.305623 -160.937435    45.217    19367.3     4351.5    17250.0    165.0    223.1    223.8 2021  7 29  9 17 38.060  2.17   1
       13  55.268571 -160.868945    43.079    23730.0      226.5    15111.5    156.2    297.0    230.8 2021  7 29  9 23 23.370  2.00   1
       15  55.370304 -161.333740    16.224    -5808.2    11552.2   -11743.1    300.6    675.0    575.7 2021  7 29  9 28 55.770  2.75   1
       16  55.087935 -161.778581    11.161   -34169.9   -19883.3   -16805.9    443.6    373.9    275.8 2021  7 29  9 36  2.300  1.94   1
       18  55.087821 -161.428939    27.965   -11893.9   -19895.9       -2.1    356.8    636.4    556.3 2021  7 29  9 43 51.210  1.37   1
       19  55.288094 -160.978727    13.065    16747.4     2400.0   -14902.6    316.6    323.1    487.1 2021  7 29  9 45 15.880  1.99   1
        2  55.407857 -161.818783    55.083   -36584.3    15732.9    27116.2    950.1    502.6    146.8 2021  7 29  8  3 26.970  2.55   1
       20  55.284285 -161.220719    29.704     1368.5     1976.0     1736.6    165.1    279.8    294.5 2021  7 29  9 52 54.090  2.17   1
       21  55.314429 -160.908105    47.971    21228.5     5331.7    20003.8    195.3    263.8    255.1 2021  7 29  9 54 13.220  2.82   1
       23  55.097160 -161.722331    10.398   -30582.6   -18856.3   -17569.2    357.3    478.0    274.5 2021  7 29 10  2 16.200  1.76   1
       24  55.300728 -161.862191    11.813   -39391.7     3806.5   -16154.0   1178.8    408.1    810.5 2021  7 29 10  5 46.170  1.54   1
       26  55.395768 -161.675407    52.176   -27490.4    14387.1    24209.2    365.2    571.9    148.6 2021  7 29 10 13 56.140  1.67   1
       27  55.183398 -161.504997    12.973   -16719.7    -9255.6   -14994.2    265.7    405.4    396.0 2021  7 29 10 16 29.910  1.67   1
       28  55.206710 -161.341455    10.548    -6310.9    -6660.4   -17419.3    166.6    248.5    380.3 2021  7 29 10 17 54.230  1.83   1
       29  55.317900 -161.684863    27.633   -28118.0     5718.1     -334.3    651.6    509.6    557.6 2021  7 29 10 20 40.580  1.79   1
       30  55.435506 -161.736393    19.727   -31345.3    18811.0    -8240.3    780.1    678.4    501.3 2021  7 29 10 22 57.010  1.35   1
       32  55.180916 -160.768815    43.578    30128.1    -9531.9    15610.3    164.3    496.4    248.8 2021  7 29 10 27 25.930  2.09   1
       33  55.289221 -160.802262    46.465    27961.6     2525.4    18497.5    121.6    234.7    175.6 2021  7 29 10 38 29.030  1.81   1
       36  55.261572 -161.429736    21.765   -11918.8     -552.7    -6201.8    130.9    325.2    163.1 2021  7 29 10 54 36.940  1.33   1
       37  55.581120 -161.161751    16.999     5097.2    35021.8   -10968.7    688.3    772.4   1889.5 2021  7 29 10 59  2.980  1.65   1
       38  55.198356 -161.648356    15.430   -25837.5    -7590.4   -12536.8    259.6    193.7    318.7 2021  7 29 11  5 33.140  1.95   1
       42  55.406234 -161.568929     7.253   -20730.0    15552.2   -20714.0    284.2    631.2    319.2 2021  7 29 11 29 57.170  1.78   1
       43  55.237455 -160.898779    34.052    21842.1    -3237.5     6084.7    184.4    331.7    369.2 2021  7 29 11 42  0.730  1.80   1
       44  55.286914 -161.596045    20.584   -22484.3     2268.6    -7383.7    326.4    289.7    291.3 2021  7 29 11 48 28.980  1.47   1
       46  55.263497 -161.421745    28.205   -11410.5     -338.4      237.8    236.0     71.5    311.2 2021  7 29 12 18 30.260  1.54   1
       47  55.389274 -161.467464    11.037   -14294.4    13664.1   -16929.9    313.6    908.8    484.8 2021  7 29 12 24  8.770  1.14   1
       48  55.202140 -160.900163    41.166    21763.7    -7169.1    13199.1    129.3    256.3    196.9 2021  7 29 12 28 50.250  2.15   1
        5  55.223889 -161.217383    23.788     1581.8    -4747.8    -4178.9    203.4    478.2    248.8 2021  7 29  8 16 23.450  2.56   1
       50  55.269613 -161.360319    24.873    -7505.0      342.5    -3094.1    232.1    282.5    192.5 2021  7 29 12 43 18.340  2.46   1
       52  55.452889 -162.093994    35.595   -54017.5    20746.2     7628.2    468.2    417.7    314.2 2021  7 29 13  3 42.010  1.17   1
       53  55.249544 -161.338232    29.373    -6102.6    -1891.7     1406.2    160.7    384.3    294.3 2021  7 29 13 15 20.870  1.95   1
       54  55.292716 -160.892676    29.003    22214.8     2914.6     1035.6    141.0    103.9    399.4 2021  7 29 13 18 28.960  2.32   1
       55  55.254451 -160.823193    28.608    26643.0    -1345.4      641.1    142.8    184.8    456.7 2021  7 29 13 30 55.110  1.84   1
       56  55.248698 -161.102507    34.448     8885.5    -1985.9     6480.6    153.1    287.4    239.9 2021  7 29 13 48 44.060  1.70   1
       58  55.385213 -161.685303    31.326   -28122.2    13212.0     3359.2    428.0    580.4    304.2 2021  7 29 14  8 22.330  1.59   1
       59  55.186605 -160.879395    11.569    23089.5    -8898.6   -16398.0    272.6    583.1    422.2 2021  7 29 14 16 31.780  1.72   1
        6  55.306722 -161.911572    13.244   -42526.3     4473.8   -14722.8    975.7    979.0    713.2 2021  7 29  8 17 51.940  2.28   1
       61  55.445719 -162.205094    28.462   -61069.0    19948.0      494.9    347.5    401.5    377.6 2021  7 29 14 48  6.460  1.42   1
       62  55.329549 -161.369808    40.260    -8102.1     7015.1    12293.0    151.2    481.3    184.1 2021  7 29 14 49 57.350  1.47   1
       63  55.233008 -160.991618    27.588    15939.2    -3732.7     -379.7    177.7    392.0    577.4 2021  7 29 14 53  3.660  1.73   1
       64  55.286898 -161.477067    21.099   -14923.0     2266.8    -6867.8    285.7    730.3    342.0 2021  7 29 14 57  3.010  0.76   1
       67  55.163273 -160.799707    27.149    28168.4   -11496.1     -818.1     80.2    307.9    324.7 2021  7 29 15 13 47.870  1.96   1
       68  55.208439 -161.318424    23.515    -4845.7    -6467.8    -4452.2    217.1    297.9    294.5 2021  7 29 15 30 21.830  1.72   1
       69  55.172009 -161.437240    32.895   -12409.7   -10523.5     4927.3    287.2    120.7    307.3 2021  7 29 16  0 24.080  1.73   1
        7  55.207304 -160.887207    26.104    22586.5    -6594.2    -1862.9     93.8    184.6    533.0 2021  7 29  8 26  0.020  2.60   1
       70  55.248006 -160.856657    28.283    24517.5    -2062.9      316.2    134.6    381.6    447.1 2021  7 29 16  8 43.000  1.57   1
       71  55.202026 -160.751888    28.478    31197.0    -7181.8      510.3    203.4    351.1    711.0 2021  7 29 16  9 41.760  3.21   1
       76  55.207064 -161.284098    13.577    -2662.1    -6621.0   -14389.8    252.2    216.5    580.2 2021  7 29 17 23  0.000  1.54   1
       78  55.215230 -161.026107    33.953    13748.9    -5711.8     5985.3    193.4    495.5    371.0 2021  7 29 17 33  6.680  1.41   1
       79  55.461556 -161.055957    49.818    11813.6    21711.1    21851.0    306.4    600.6    365.7 2021  7 29 17 34 10.600  1.78   1
        8  55.269572 -160.908154    41.468    21237.4      337.9    13500.7    147.9    284.2    223.1 2021  7 29  8 40 46.910  2.67   1
       80  55.266410 -160.828060    58.448    26329.7      -14.0    30481.2    366.1    654.7    427.6 2021  7 29 17 52 11.420  1.70   1
       81  55.220215 -161.577214     6.945   -21305.4    -5156.9   -21022.3    185.5    288.6    571.8 2021  7 29 18 14 39.080  1.52   1
       82  55.091431 -161.323910    15.592    -5202.2   -19494.1   -12374.9    210.7    314.9    543.6 2021  7 29 18 17 44.600  1.04   1
       83  55.203902 -161.101270    29.781     8969.1    -6972.9     1813.7    126.0    316.5    252.9 2021  7 29 18 38 14.640  1.74   1
       84  55.253666 -160.877262    39.347    23205.7    -1432.8    11380.2    142.2    407.9    237.7 2021  7 29 18 46 50.360  1.53   1
       86  55.289193 -161.328939    29.409    -5509.0     2522.3     1441.5    173.6    218.6    265.8 2021  7 29 19 12  7.800  2.05   1
       87  55.441154 -161.170882    26.342     4527.0    19439.8    -1624.9    542.1    786.5   2135.3 2021  7 29 19 30 34.300  1.71   1
       89  55.316390 -161.132080    41.052     6999.1     5550.1    13085.1    162.8    479.9    211.3 2021  7 29 20 21 47.040  1.73   1
        9  55.062785 -161.563900    14.093   -20498.8   -22683.2   -13874.7    292.2    238.0    500.3 2021  7 29  8 55 58.170  2.15   1
       90  55.358044 -161.780290     3.742   -34163.0    10187.4   -24225.4    391.9    505.1    492.1 2021  7 29 20 23 42.180  1.71   1
       91  55.245662 -160.994238    29.820    15770.1    -2323.9     1853.0    155.7    220.9    363.5 2021  7 29 20 25 41.320  1.56   1
       94  55.136609 -161.749788    17.958   -32315.9   -14464.5   -10009.6    143.4    681.3    164.8 2021  7 29 20 42 35.000  0.97   1
       95  55.230005 -161.474756    16.046   -14786.7    -4067.0   -11920.8    298.9    367.8    459.2 2021  7 29 21  0 35.440  3.02   1
       96  55.286300 -160.721338    41.635    33105.6     2200.2    13668.2    147.9    244.3    215.2 2021  7 29 21  8 24.680  2.01   1
       97  55.243624 -160.801270    33.609    28040.7    -2550.8     5642.0    161.2    299.5    348.9 2021  7 29 21 18 24.320  2.09   1
       98  55.248153 -161.103255    29.751     8837.9    -2046.6     1783.9    144.0    204.8    287.1 2021  7 29 21 39 48.280  2.47   1
       99  55.259639 -160.917285    28.381    20659.5     -767.8      413.7     81.9    406.7    254.3 2021  7 29 22  2 21.340  1.50   1
