       10  55.350684 -161.065902    52.072    13094.5     9632.5    22888.0    315.5    792.6    344.4 2021  7 29  8 55 52.000  2.49   1
      100  55.211121 -161.140137    32.521     8395.0    -5904.8     3337.1    228.7    353.0    385.4 2021  7 29 18 38 14.580  1.71   1
      101  55.256014 -160.922314    41.119    22239.2     -906.9    11934.9    103.4    197.1    160.9 2021  7 29 18 46 50.320  1.53   1
      104  55.429232 -161.115918    32.952     9908.5    18377.0     3768.4    307.4    579.5    583.0 2021  7 29 19 30 33.220  1.61   1
      105  55.400126 -160.965837    56.418    19436.9    15136.8    27234.0    147.8    433.3    168.1 2021  7 29 19 53 30.080  1.70   1
      106  55.315385 -161.163932    41.707     6872.2     5702.7    12523.4    334.4    584.3    420.3 2021  7 29 20 21 46.980  1.49   1
      107  55.276489 -161.666878    12.382   -25092.9     1372.6   -16802.4    341.4    398.4    392.8 2021  7 29 20 23 39.940  1.71   1
      108  55.245451 -161.032259    32.762    15251.0    -2082.9     3577.9    206.5    303.5    401.6 2021  7 29 20 25 41.240  1.60   1
      109  55.264807 -161.234635    27.974     2381.9       72.0    -1210.1    217.0    435.3    432.0 2021  7 29 20 31  8.680  2.62   1
      110  55.209965 -160.791488    31.449    30574.6    -6033.4     2264.7    146.6    253.6    371.0 2021  7 29 20 33 15.160  3.44   1
      111  55.117069 -161.698551    21.107   -27160.3   -16375.3    -8077.4    473.4    330.7    289.0 2021  7 29 20 42 34.220  1.29   1
      112  55.202437 -161.235254    21.721     2344.4    -6871.5    -7462.9    209.0    302.5    176.7 2021  7 29 21  0 32.940  3.04   1
      113  55.283248 -160.760840    42.934    32494.4     2125.0    13750.4    195.9    452.5    315.1 2021  7 29 21  8 24.640  2.01   1
      114  55.237769 -160.869482    31.301    25604.0    -2938.1     2117.5    168.3    254.7    394.0 2021  7 29 21 18 24.320  2.12   1
      115  55.254818 -161.132699    32.900     8863.3    -1040.1     3716.6    261.2    302.7    462.2 2021  7 29 21 39 48.140  2.62   1
      116  55.260364 -161.830599    11.345   -35506.6     -422.6   -17838.9    292.1    376.6    414.8 2021  7 29 22  2 29.080  0.70   1
      117  55.198112 -160.696240    31.111    36639.3    -7353.0     1926.9    250.7    474.2    707.1 2021  7 29 22 18 57.100  2.85   1
      118  55.238627 -160.538118    30.099    46676.1    -2842.5      915.4    290.4    526.8    982.5 2021  7 29 22 56 32.180  2.08   1
      119  55.277686 -160.796208    45.189    30248.7     1505.8    16005.3    126.7    347.5    186.6 2021  7 29 23 38 44.800  2.26   1
       12  55.135181 -161.005192    40.369    16995.6   -14359.0    11184.7    153.2    306.2    164.3 2021  7 29  9  8 20.310  1.97   1
       13  55.306661 -160.977783    46.811    18700.6     4731.5    17627.6    138.9    299.0    186.0 2021  7 29  9 17 38.000  2.15   1
       14  55.279321 -160.917008    45.250    22569.9     1687.9    16066.3     54.7    256.0     61.0 2021  7 29  9 23 23.350  2.01   1
       16  55.269552 -161.202376    16.372     4432.4      600.2   -12812.1    291.4    288.0    665.3 2021  7 29  9 28 54.070  2.61   1
       17  55.090686 -161.790951    11.683   -33056.1   -19312.5   -17501.0    407.8    281.9    203.5 2021  7 29  9 36  2.210  1.53   1
       18  55.031018 -161.611279     2.193   -21625.2   -25955.2   -26991.1    344.7    264.1    286.7 2021  7 29  9 38  8.500  2.01   1
       19  55.053113 -161.474056     0.889   -12872.6   -23495.4   -28294.8    501.2    538.5    385.4 2021  7 29  9 43 51.460  1.38   1
        2  55.410315 -161.839502    54.221   -36004.8    16271.1    25037.5    978.8    228.7    211.5 2021  7 29  8  3 26.930  2.55   1
       20  55.284827 -161.010579    16.058    16621.4     2300.8   -13126.1    277.3    526.3    952.4 2021  7 29  9 45 15.880  1.99   1
       21  55.267253 -161.208040     3.377     4072.4      344.3   -25806.8    213.6    283.5    329.9 2021  7 29  9 52 54.550  2.17   1
       22  55.316085 -160.947738    49.706    20607.3     5780.6    20522.3    228.1    449.3    290.2 2021  7 29  9 54 13.140  2.81   1
       24  55.079187 -161.380990    22.020    -6938.2   -20592.6    -7163.8    187.7    164.1    264.8 2021  7 29 10  2 12.400  1.76   1
       25  55.349504 -161.777148    16.301   -32072.6     9501.1   -12883.2    378.7    301.5    281.7 2021  7 29 10  5 45.990  0.88   1
       28  55.398132 -161.697526    51.332   -26999.8    14914.8    22147.9    272.9    370.2    315.1 2021  7 29 10 13 56.110  1.67   1
       29  55.184884 -161.498405    13.357   -14400.9    -8825.7   -15827.1    332.0    363.1    452.4 2021  7 29 10 16 29.700  1.67   1
       31  55.210282 -161.364274    12.849    -5863.5    -5998.1   -16335.0    212.8    283.2    404.0 2021  7 29 10 17 54.180  1.83   1
       34  55.434521 -161.741992    19.197   -29808.2    18965.9    -9986.9    622.1    544.0    476.9 2021  7 29 10 22 56.970  1.35   1
       36  55.187634 -160.814258    45.051    29134.2    -8519.4    15867.0    260.9    450.7    396.4 2021  7 29 10 27 25.940  2.09   1
       37  55.285238 -160.694206    48.659    36728.6     2346.5    19474.6     89.3    298.0    149.1 2021  7 29 10 38 27.860  1.81   1
       38  55.274882 -161.309342    19.745    -2367.1     1193.6    -9438.6    201.6    428.0    254.3 2021  7 29 10 42 50.300  1.30   1
        4  55.284985 -161.367236    27.768    -6046.3     2318.4    -1415.7    293.9    206.5    420.6 2021  7 29  8 10 19.430  2.64   1
       41  55.344531 -161.289062    32.364    -1077.1     8947.5     3180.3    355.2    762.2    456.2 2021  7 29 10 54 34.540  1.33   1
       43  55.101689 -161.410986    27.733    -8847.1   -18087.6    -1450.5    211.3    163.5    245.9 2021  7 29 11  5 30.160  1.75   1
       44  55.358162 -161.422038    20.926    -9520.5    10465.1    -8258.0    254.9    454.5    351.1 2021  7 29 11  5 31.140  1.57   1
       49  55.277218 -160.889209    49.119    24337.5     1453.7    19934.9    104.8    164.0    141.7 2021  7 29 11 41 59.690  1.81   1
       51  55.288981 -161.671549    20.438   -25385.9     2763.3    -8746.2    374.9    297.3    331.5 2021  7 29 11 48 29.230  1.33   1
       53  55.264189 -161.445199    28.450   -11004.1        3.2     -734.0    169.3    229.7    193.3 2021  7 29 12 18 30.250  1.56   1
       54  55.481063 -161.624007    16.853   -22310.6    24147.3   -12330.5    560.5    731.8    652.4 2021  7 29 12 24  8.720  1.29   1
       55  55.204993 -160.940690    42.561    21084.3    -6587.0    13377.4    120.9    256.1    191.9 2021  7 29 12 28 50.210  2.15   1
       56  55.320048 -161.334326    22.818    -3952.9     6221.9    -6366.3    175.4    386.3    211.2 2021  7 29 12 32 45.450  1.61   1
       57  55.273234 -161.375553    24.854    -6575.9     1010.2    -4329.6    196.6    233.4    324.0 2021  7 29 12 43 18.310  2.49   1
       58  55.161910 -161.213411    22.431     3735.9   -11383.3    -6752.6    302.3    405.4    485.9 2021  7 29 12 52 17.840  1.97   1
        6  55.311829 -160.855794    52.101    26449.9     5306.8    22916.6    104.3    252.8    120.7 2021  7 29  8 16 19.180  2.82   1
       60  55.452356 -162.095426    36.713   -52217.2    20951.4     7529.5    615.1    551.8    404.8 2021  7 29 13  3 41.710  1.17   1
       61  55.371403 -161.131999    66.339     8894.8    11939.1    37154.7    427.7    569.8    407.2 2021  7 29 13 12 56.530  1.32   1
       62  55.245455 -161.228190    33.252     2792.3    -2082.4     4068.4    147.9    424.3    307.7 2021  7 29 13 15 19.590  1.98   1
       64  55.255273 -160.868034    32.157    25690.5     -989.3     2973.5    195.9    348.0    461.1 2021  7 29 13 30 55.130  1.82   1
       65  55.250810 -161.146191    36.149     8005.8    -1486.3     6965.3    270.2    358.7    380.0 2021  7 29 13 48 44.030  1.68   1
       67  55.194832 -161.383805    11.600    -7107.4    -7718.1   -17584.4    135.7    388.6    351.2 2021  7 29 14  8 21.550  1.63   1
       68  54.991724 -161.875684     4.228   -38502.0   -30329.7   -24956.1    575.8    205.6    325.5 2021  7 29 14 16 26.430  1.47   1
       69  55.197058 -160.901318    16.051    23591.5    -7470.3   -13132.6    330.6    644.8   1318.9 2021  7 29 14 16 31.740  1.72   1
        7  55.311796 -161.940267    12.723   -42451.4     5303.2   -16460.7    670.9    788.0    581.0 2021  7 29  8 17 52.000  2.28   1
       71  55.445650 -162.206136    29.185   -59243.6    20204.9        1.3    455.7    527.6    479.5 2021  7 29 14 48  6.250  1.42   1
       72  55.283736 -161.421208    24.378    -9476.6     2179.4    -4806.4     86.2    439.6    239.0 2021  7 29 14 49 58.860  1.56   1
       74  55.233907 -161.036458    30.974    14986.2    -3368.0     1790.5    204.1    401.9    439.8 2021  7 29 14 53  3.650  1.73   1
       75  55.289262 -161.506429    22.206   -14892.0     2794.5    -6978.3    252.6    379.8    273.9 2021  7 29 14 57  2.970  1.09   1
        8  55.213265 -160.931331    29.937    21677.5    -5666.0      753.0    172.0    308.1    496.5 2021  7 29  8 26  0.040  2.62   1
       80  55.213708 -161.345003    23.607    -4637.4    -5616.7    -5576.4    142.3    191.2    264.4 2021  7 29 15 30 21.840  1.84   1
       83  55.149129 -161.344710    36.058    -4622.5   -12806.1     6874.5    290.9    327.6    350.2 2021  7 29 16  0 23.020  1.73   1
       84  55.248311 -160.890820    32.091    24243.9    -1764.4     2906.8    207.4    433.1    480.4 2021  7 29 16  8 42.960  1.57   1
       85  55.283053 -160.830713    51.459    28053.6     2103.2    22274.8    105.4    317.7    128.1 2021  7 29 16  9 41.520  3.27   1
       86  55.270524 -160.890446    58.285    24260.9      708.5    29100.8    231.4    567.8    264.3 2021  7 29 16 38 27.990  1.72   1
       89  55.245345 -161.716292    14.480   -28244.8    -2094.6   -14704.1    460.7    487.4    404.2 2021  7 29 17  4  4.780  1.53   1
        9  55.268709 -160.799300    47.840    30055.5      506.4    18656.1     16.1    160.4     21.8 2021  7 29  8 40 45.560  2.67   1
       90  55.298556 -161.491227     5.194   -13924.3     3829.2   -23989.8    209.6    421.6    411.3 2021  7 29 17  4 26.400  1.04   1
       92  55.204032 -161.264746    22.615      468.0    -6693.9    -6568.8    199.7    229.5    318.7 2021  7 29 17 22 59.280  1.32   1
       94  55.221672 -161.078743    32.272    12298.9    -4730.2     3087.7    217.3    475.9    400.9 2021  7 29 17 33  6.920  1.35   1
       95  55.378446 -161.686572     4.167   -26311.1    12723.2   -25017.1    292.0    783.2    765.8 2021  7 29 17 34 19.040  1.45   1
       97  55.383118 -161.667432    35.015   -25094.5    13243.3     5831.0    503.1   1084.3    275.8 2021  7 29 18 14 37.680  1.57   1
       98  55.415833 -162.059717     3.633   -49975.3    16885.3   -25550.8    587.7   1114.5   2676.8 2021  7 29 18 17 47.960  1.23   1
