       10  55.310445 -161.941976    12.796   -43943.9     5479.0   -17046.7    782.4    914.4    659.1 2021  7 29  8 17 52.000  2.28   1
      102  55.220223 -161.057227    32.318    12285.0    -4565.3     2475.7    201.4    540.4    408.7 2021  7 29 17 33  6.720  1.41   1
      103  55.433691 -161.061344    48.411    11991.0    19199.7    18568.0    167.0    789.4    191.3 2021  7 29 17 34 10.560  1.79   1
      104  55.248210 -160.724170    47.484    33459.0    -1449.6    17641.1    130.4    156.9    197.1 2021  7 29 17 52 10.500  1.76   1
      105  55.221566 -161.588444     7.780   -21505.2    -4415.8   -22062.4    197.6    190.6    407.9 2021  7 29 18 14 39.000  1.34   1
      106  55.094491 -161.453223    20.673   -12924.5   -18562.8    -9169.5    252.4    302.1    334.6 2021  7 29 18 17 45.480  1.05   1
      108  55.178756 -160.887240    32.239    23109.9    -9181.7     2396.4    202.6    343.6    463.8 2021  7 29 18 38 12.480  1.85   1
       11  55.213228 -160.931315    29.951    20296.0    -5344.0      108.4    124.4    270.8    273.7 2021  7 29  8 26  0.040  2.56   1
      111  55.255941 -160.922266    41.125    20860.5     -588.9    11282.8    128.1    219.5    214.5 2021  7 29 18 46 50.320  1.56   1
      114  55.286312 -161.335319    27.850    -5399.9     2792.3    -1992.7    109.6    116.2    240.3 2021  7 29 19 12  7.840  2.05   1
      118  55.438757 -161.198893    28.743     3264.7    19763.6    -1099.8    340.2    535.5    783.9 2021  7 29 19 30 34.180  1.71   1
      119  55.272209 -160.883919    32.209    23293.9     1222.2     2366.0    116.5    309.9    260.6 2021  7 29 19 53 30.760  1.79   1
      120  55.370528 -161.227100    53.600     1476.7    12167.9    23757.0    520.8    776.2    512.0 2021  7 29 20 21 47.320  1.73   1
      121  55.244963 -161.637370    16.216   -24610.1    -1811.1   -13626.4    156.0    103.5    262.4 2021  7 29 20 23 39.080  1.78   1
      122  55.253605 -161.377474    18.008    -8082.4     -848.9   -11835.0    137.5    324.7    170.5 2021  7 29 20 25 45.000  1.56   1
      123  55.259603 -161.162191    31.133     5605.5     -181.2     1290.5    230.6    310.2    399.2 2021  7 29 20 31  7.880  2.48   1
      124  55.208561 -160.782878    22.203    29740.7    -5863.5    -7639.3    172.8    262.8    186.7 2021  7 29 20 33 15.240  3.52   1
      125  55.133215 -161.739535    19.234   -31150.3   -14251.6   -10608.3    303.5    325.4    141.1 2021  7 29 20 42 34.660  0.97   1
      126  55.202588 -161.161882    16.382     5629.2    -6528.5   -13460.3    200.1    245.6    561.7 2021  7 29 21  0 32.460  2.88   1
      130  55.249471 -161.132259    31.080     7509.5    -1309.2     1236.9    133.3    166.4    269.1 2021  7 29 21 39 48.320  2.49   1
      132  55.196252 -160.878369    31.689    23669.2    -7233.8     1846.6    135.4    307.9    342.2 2021  7 29 22  2 20.380  1.46   1
       15  55.268534 -160.799268    47.845    28676.4      813.1    18002.1     81.1    257.7    116.3 2021  7 29  8 40 45.560  2.70   1
       17  55.371200 -161.360384    44.418    -6985.5    12242.6    14575.6    319.9    602.5    321.2 2021  7 29  8 55 54.340  2.37   1
       19  55.135710 -161.006543    40.753    15525.4   -13973.9    10910.7    167.8    358.0    198.5 2021  7 29  9  8 20.310  2.10   1
        2  55.410071 -161.841260    54.219   -37497.7    16570.0    24376.8    629.8    338.2    175.2 2021  7 29  8  3 26.930  2.54   1
       20  55.311784 -160.972152    45.977    17676.3     5628.0    16134.0    172.9    480.9    225.3 2021  7 29  9 17 38.040  2.12   1
       21  55.261926 -160.848958    44.886    25519.6       77.5    15043.3     85.7    141.0    123.2 2021  7 29  9 23 22.880  1.97   1
       23  55.273771 -161.312972    23.525    -3980.2     1396.1    -6317.8    230.0    289.6    233.4 2021  7 29  9 28 54.540  2.50   1
       25  55.088155 -161.785889    11.740   -34121.3   -19268.1   -18102.4    412.7    226.4    463.8 2021  7 29  9 36  2.170  1.98   1
       26  55.031075 -161.611458     2.200   -23023.9   -25622.7   -27642.5    398.9    294.2    322.4 2021  7 29  9 38  8.500  2.01   1
       27  55.403646 -161.172542    24.281     4938.5    15854.8    -5561.2    214.6    632.1    433.4 2021  7 29  9 38  5.850  1.75   1
       28  55.085311 -161.641471    17.545   -24920.6   -19584.7   -12297.3    407.1    352.1    386.5 2021  7 29  9 43 53.380  1.37   1
       29  55.285413 -161.010889    15.789    15220.2     2692.1   -14053.5    255.0    503.4    928.2 2021  7 29  9 45 15.880  1.99   1
       30  55.284745 -161.255176    30.968     -306.2     2617.8     1125.8    160.6    154.2    252.2 2021  7 29  9 52 54.070  2.17   1
       31  55.316711 -160.952539    49.095    18921.3     6176.6    19252.6    209.0    395.5    265.4 2021  7 29  9 54 13.220  2.85   1
       34  55.079179 -161.381022    21.998    -8326.2   -20267.4    -7844.8    205.3    162.5    356.8 2021  7 29 10  2 12.400  1.73   1
       36  55.275659 -161.589893     2.238   -21582.7     1606.3   -27604.8    431.1    479.7    501.7 2021  7 29 10  6 28.790  1.00   1
       37  55.476005 -161.990951    48.445   -46957.9    23910.3    18602.2    647.7    360.1    237.8 2021  7 29 10  8 26.640  1.52   1
       38  55.398193 -161.697624    51.324   -28387.0    15247.8    21481.1    186.2     78.3    174.8 2021  7 29 10 13 56.110  1.67   1
       39  55.185168 -161.498714    13.314   -15804.8    -8467.8   -16528.3    262.6    334.4    405.7 2021  7 29 10 16 29.700  1.98   1
       41  55.210274 -161.364225    12.878    -7244.0    -5672.8   -16964.3    185.5    235.0    379.5 2021  7 29 10 17 54.180  1.80   1
       45  55.433569 -161.747900    19.091   -31563.9    19186.1   -10752.0    722.1    638.3    551.7 2021  7 29 10 22 57.000  1.35   1
       47  55.188029 -160.814421    45.030    27741.1    -8149.3    15187.2    225.7    374.9    348.4 2021  7 29 10 27 25.940  2.13   1
       49  55.285270 -160.696989    48.512    35171.0     2676.3    18668.9     95.9    197.1    119.0 2021  7 29 10 38 27.890  1.82   1
       53  55.344108 -161.288411    32.445    -2416.8     9226.6     2602.7    384.8    662.8    488.5 2021  7 29 10 54 34.540  1.33   1
       54  55.574691 -161.211670    21.496     2450.0    34896.8    -8346.4    524.9    637.4    718.2 2021  7 29 10 59  3.060  1.66   1
       55  55.225423 -161.022835    40.856    14471.7    -3986.3    11013.5    147.0    181.1    218.9 2021  7 29 11  5 26.420  2.03   1
       60  55.262549 -161.231348    27.147     1208.6      146.8    -2695.2    173.5    260.1    437.6 2021  7 29 11 29 52.470  1.71   1
       61  55.238456 -161.334668    18.450    -5361.7    -2535.4   -11392.8    206.4    288.3    323.0 2021  7 29 11 31 13.510  1.57   1
       62  55.257520 -161.168734    18.146     5189.7     -413.1   -11697.0    198.7    241.2    407.6 2021  7 29 11 42  3.340  1.81   1
       64  55.288013 -161.695378    19.807   -28283.6     2981.6   -10035.9    352.5    282.9    297.2 2021  7 29 11 48 29.390  1.37   1
       68  55.263578 -161.442497    28.432   -12215.3      261.4    -1410.2     45.2    270.8    124.4 2021  7 29 12 18 30.230  1.54   1
       70  55.205033 -160.940674    42.562    19702.7    -6256.3    12719.7    136.2     94.2    183.1 2021  7 29 12 28 50.210  2.15   1
       72  55.273035 -161.376497    25.000    -8018.4     1314.1    -4842.5    209.1    254.1    222.7 2021  7 29 12 43 18.300  2.46   1
       77  55.282926 -161.347477    33.528    -6172.9     2415.4     3685.8    140.7    450.3    143.7 2021  7 29 13 15 20.670  1.91   1
       78  55.297465 -160.955013    36.382    18768.7     4033.9     6539.5    196.9    350.9    348.7 2021  7 29 13 18 29.120  2.32   1
       79  55.265100 -160.891732    31.276    22799.3      430.8     1433.2    146.7    277.8    349.0 2021  7 29 13 30 55.300  1.84   1
       82  55.252104 -161.141536    35.460     6919.4    -1016.1     5617.3    203.1    280.7    271.0 2021  7 29 13 48 44.030  1.67   1
       85  55.289994 -161.357259    53.652    -6794.0     3202.2    23809.1    765.4    740.2    654.9 2021  7 29 14  8 18.350  1.55   1
       88  55.197819 -160.901628    15.731    22188.9    -7059.4   -14111.6    256.1    607.9   1070.8 2021  7 29 14 16 31.740  1.71   1
        9  55.285620 -161.316243    31.708    -4187.5     2715.2     1865.8    235.1    220.8    284.1 2021  7 29  8 16 23.630  2.56   1
       91  55.248657 -160.890869    32.076    22858.9    -1399.7     2233.5    152.7    436.4    360.5 2021  7 29 16  8 42.960  1.57   1
       92  55.311112 -160.862337    51.807    24653.8     5553.2    21964.2     69.1    380.5     93.3 2021  7 29 16  9 41.750  3.21   1
       93  55.089421 -161.399756    25.782    -9518.7   -19127.2    -4060.3    167.0    348.6    398.6 2021  7 29 16 26 53.960  1.25   1
       94  55.233590 -161.545394    26.174   -18764.0    -3077.2    -3668.3    118.7    185.5    331.3 2021  7 29 16 38 34.840  1.46   1
       95  55.262329 -161.222461    32.937     1773.6      122.3     3094.8    192.0    135.6    290.8 2021  7 29 17  0 24.120  2.13   1
       96  55.245093 -161.716113    14.495   -29617.3    -1796.6   -15347.7    274.1    279.6    244.2 2021  7 29 17  4  4.780  1.53   1
       99  55.214819 -161.336068    16.726    -5452.3    -5166.8   -13116.9    204.0    168.5    361.6 2021  7 29 17 23  0.200  1.60   1
